viirs-m_band13A  factor=100
3.2016503563e+00
8.9242642284e-01
-1.2373300886e+00
-3.3251286917e+00
1.1489320397e+00
3.5139033265e+01
-3.6078488059e+01
-1.4356648848e+02
5.8769040171e+01
1.6311608249e+02
2.4978029271e-01
7.9578831161e-01
-5.5063754651e+00
-1.1277554351e+01
2.4535059620e+01
5.7848733553e+01
-6.6152781024e+01
-7.7429978192e+01
6.4535866929e+01
1.7759013113e+00
-1.8635829586e-01
7.4181048803e+00
3.2250495301e+00
-1.2008935881e+02
-9.4805539865e+01
7.0014273944e+02
3.2216392332e+02
-1.6873780674e+03
-3.4238616718e+02
1.4340389975e+03
-4.5992463921e-01
-3.1536689353e+01
4.1595946793e+01
2.8094668782e+02
1.1168626540e+02
-1.0077396906e+03
-8.3029075163e+02
1.2976434104e+03
1.1445650283e+03
-3.3118676693e+02
1.5653886740e+00
4.3438113548e+01
-1.0363634579e+02
-1.5199523482e+02
1.5410443837e+02
-5.0289192035e+02
4.6652171901e+02
3.3299676088e+03
-1.1469154757e+03
-4.1984909859e+03
-1.9037364282e+00
-3.1008227028e+01
1.0499380872e+02
-5.6477268278e+01
-3.4335832941e+02
1.6331418577e+03
2.6390002746e+02
-5.6521256460e+03
3.6308449016e+02
5.8565008121e+03
1.1524698675e+00
1.2793563296e+01
-5.5666401007e+01
9.0337339688e+01
2.4139119334e+02
-1.1755380347e+03
-3.8726826784e+02
3.5727130059e+03
8.4054581281e+01
-3.4650752491e+03
-3.6921816590e-01
-3.0709928693e+00
1.6218924224e+01
-3.7443771073e+01
-8.2027316786e+01
3.9712744712e+02
1.6378745197e+02
-1.1325802072e+03
-8.2997907814e+01
1.0573956359e+03
5.9847826610e-02
3.9825924654e-01
-2.4580510438e+00
6.8654442018e+00
1.3710903110e+01
-6.5855066897e+01
-3.0578473753e+01
1.8024495524e+02
1.9331281038e+01
-1.6376129771e+02
-3.8652174496e-03
-2.1587993679e-02
1.5142344677e-01
-4.7985976977e-01
-9.0387310452e-01
4.3263709719e+00
2.1566326672e+00
-1.1487267130e+01
-1.5166447361e+00
1.0213307411e+01
