viirs-m_band12B  factor=100
1.7813960326e+00
1.9120204920e+00
-6.1660277360e+00
-3.5935220355e+01
4.4491337149e+01
1.9318861153e+02
-1.5746920934e+02
-4.1704664988e+02
1.6944524325e+02
3.2332431985e+02
-2.6720006310e-01
1.0713810930e-01
7.4850140088e+00
3.1728547252e+00
-6.4517558033e+01
-1.0210278060e+02
1.9898147627e+02
4.8267087985e+02
-2.0067367959e+02
-5.7380067697e+02
2.3499302785e+00
-1.9619953942e+01
-7.7889215778e+01
4.0397267188e+02
4.9971183123e+02
-2.3361752318e+03
-1.0374513286e+03
5.4349077000e+03
6.5200713793e+02
-4.4976481463e+03
-3.7352740331e+00
8.4541004672e+01
1.6538163939e+02
-1.7229124420e+03
-8.4884175706e+02
1.0472882841e+04
7.0384807475e+02
-2.6314732535e+04
9.0748314705e+02
2.3274124776e+04
1.9486409284e+00
-1.4786485164e+02
-1.5681972253e+02
2.9580400712e+03
5.2159263776e+02
-1.8108638738e+04
1.3579787013e+03
4.6011576223e+04
-3.9687735862e+03
-4.1065083666e+04
3.2587991250e-01
1.3114607283e+02
7.5852494514e+01
-2.5996203236e+03
2.2475620019e-01
1.5963126357e+04
-2.4148391259e+03
-4.0645212394e+04
4.5848291912e+03
3.6321596856e+04
-7.5318613470e-01
-6.4838815769e+01
-1.8111390857e+01
1.2801238813e+03
-1.4426426747e+02
-7.8814134456e+03
1.5633520032e+03
2.0074157961e+04
-2.5791811882e+03
-1.7933857307e+04
3.1499019702e-01
1.8138870533e+01
1.3981518810e+00
-3.5754273786e+02
6.7980370981e+01
2.2065438687e+03
-5.0663842985e+02
-5.6195394683e+03
7.7784442806e+02
5.0175689295e+03
-5.6776238326e-02
-2.6860488531e+00
1.8127635113e-01
5.2922203769e+01
-1.3024747015e+01
-3.2726041870e+02
8.2299415471e+01
8.3323343935e+02
-1.2089297592e+02
-7.4355344461e+02
3.8727934845e-03
1.6363170898e-01
-2.8614294786e-02
-3.2246183183e+00
9.2924419691e-01
1.9971892201e+01
-5.3431444150e+00
-5.0830722191e+01
7.6170818183e+00
4.5335632990e+01
