viirs-m_band15B  factor=100
2.7442620762e+00
3.9687116667e+00
-8.2746610633e+00
-7.6698763803e+01
5.0347198041e+01
4.1657236669e+02
-1.6700324396e+02
-9.2733363713e+02
1.7637137791e+02
7.4164395032e+02
-5.3872595538e-01
-1.1305116922e-01
1.6313809487e+01
1.4740501087e+01
-1.5688688046e+02
-2.4475160844e+02
5.1315152292e+02
1.0114966035e+03
-5.3044516094e+02
-1.1475298929e+03
3.2385306455e+00
5.3189552904e+00
-1.0508716463e+02
-3.6708380237e+01
6.9822303333e+02
3.5859554396e+02
-1.4666284894e+03
-1.3066006339e+03
9.0318480016e+02
1.4110617386e+03
-2.6876354301e-02
3.0375203701e+01
1.0547618644e+02
-8.0102037708e+02
-3.1439142892e+02
5.1692214742e+03
-1.5554665352e+03
-1.4042087860e+04
3.8423650029e+03
1.3266614227e+04
-8.4066240446e+00
-1.1479846160e+02
8.8579054359e+00
2.5187283396e+03
-7.5791597092e+02
-1.6379677025e+04
6.0622904209e+03
4.4176868390e+04
-9.6463637243e+03
-4.1281610255e+04
1.0480099851e+01
1.3529611612e+02
-7.0710572850e+01
-2.8781540957e+03
1.0332282618e+03
1.8869175793e+04
-6.0849414985e+03
-5.0738355412e+04
8.9805819455e+03
4.7171924087e+04
-5.8092786665e+00
-7.8156928040e+01
4.6989172801e+01
1.6508987484e+03
-5.6067627373e+02
-1.0908577136e+04
3.0201131866e+03
2.9323368973e+04
-4.3424313550e+03
-2.7203604842e+04
1.6892668747e+00
2.4201260598e+01
-1.4381796080e+01
-5.1066600733e+02
1.5794243495e+02
3.3961599218e+03
-8.1817261098e+02
-9.1336205960e+03
1.1634133228e+03
8.4653715047e+03
-2.5152548571e-01
-3.8533612469e+00
2.1837700763e+00
8.1368064578e+01
-2.2925748188e+01
-5.4385619121e+02
1.1622671372e+02
1.4635508197e+03
-1.6435955104e+02
-1.3559077912e+03
1.5162382619e-02
2.4788087404e-01
-1.3333114064e-01
-5.2410751709e+00
1.3614372533e+00
3.5165484745e+01
-6.8004457461e+00
-9.4684624798e+01
9.5829340283e+00
8.7705463656e+01
