viirs-m_band13B  factor=100
3.6125172788e+00
3.0851272347e+00
-1.1755280148e+01
-3.7320913579e+01
9.1847290743e+01
1.4716369223e+02
-3.6467437527e+02
-1.4186228818e+02
4.0960433105e+02
-2.4202204585e+01
-2.4451142889e-01
9.4972110222e-01
1.1523323461e+01
-1.1395031763e+01
-1.1133983195e+02
-5.4693891198e+01
2.9198076383e+02
5.4834239977e+02
-2.4716981929e+02
-7.8165100442e+02
2.1841221056e+00
-3.0631210140e+01
-4.6546312251e+01
6.7061406972e+02
2.0117221080e+01
-3.7915736253e+03
7.1510184658e+02
8.6425906005e+03
-1.2185250581e+03
-7.0303612418e+03
-2.3104013028e+00
1.1852164305e+02
8.2714909479e+00
-2.8578518865e+03
1.6306314214e+03
1.7864528135e+04
-8.1651732194e+03
-4.6255185847e+04
1.0276583356e+04
4.1815425179e+04
-1.0404335652e+00
-1.9501446643e+02
1.1017268428e+02
4.7140510008e+03
-3.5921039155e+03
-2.9519781120e+04
1.6170511995e+04
7.6522914175e+04
-1.9818470670e+04
-6.9272541397e+04
3.1914456797e+00
1.6637886242e+02
-1.5840752642e+02
-3.9809846153e+03
3.4830926812e+03
2.4629826440e+04
-1.5018086565e+04
-6.2882295420e+04
1.8211484272e+04
5.6309582790e+04
-2.2198109926e+00
-8.0052909960e+01
9.7743977934e+01
1.8938878963e+03
-1.8131077950e+03
-1.1554789193e+04
7.6205405482e+03
2.8979835920e+04
-9.1753243910e+03
-2.5612099881e+04
7.2997969391e-01
2.1947918978e+01
-3.1045000856e+01
-5.1370804815e+02
5.2423895315e+02
3.0915246247e+03
-2.1659004729e+03
-7.6182511496e+03
2.5935971282e+03
6.6439480273e+03
-1.1815364133e-01
-3.2002948853e+00
4.9767892763e+00
7.4183928088e+01
-7.9344890029e+01
-4.4067035512e+02
3.2382585136e+02
1.0678575366e+03
-3.8610045261e+02
-9.1934463583e+02
7.5843607316e-03
1.9263333787e-01
-3.1934780794e-01
-4.4278588255e+00
4.9063827988e+00
2.5983037478e+01
-1.9843827700e+01
-6.1979038244e+01
2.3578418147e+01
5.2704824193e+01
