viirs-m_band14A  factor=100
2.3910610890e+00
1.7785489357e+00
-7.1450411642e+00
2.0879543194e+00
2.7024551918e+01
-2.8738531241e+01
-9.8481630780e+01
4.4863490045e+01
1.1605943349e+02
-9.4862320725e+00
4.5994270821e-01
2.9092877985e+00
-1.9545232686e+01
-6.0689826852e+01
1.6757988133e+02
3.8967264510e+02
-5.1003865945e+02
-9.4507090904e+02
4.9609886559e+02
7.7152262528e+02
1.3914856321e+00
1.7722008635e+01
-2.7466896429e+01
-3.5332487340e+02
3.8280245531e+01
2.2052042627e+03
1.3217617681e+02
-5.5268635792e+03
-2.4357913976e+02
4.8122084839e+03
-7.7738142790e+00
-7.2141521187e+01
2.7733364348e+02
1.2035042380e+03
-1.5740696330e+03
-6.6329437578e+03
3.5620462793e+03
1.4758813727e+04
-2.7975920247e+03
-1.1530094870e+04
1.3934147388e+01
9.7744650837e+01
-5.5167186680e+02
-1.3917503722e+03
3.4886080287e+03
6.6628491797e+03
-8.5220854074e+03
-1.2657977852e+04
7.0665609995e+03
8.1972358878e+03
-1.2596191961e+01
-6.9981441234e+01
5.1695666941e+02
7.9417196562e+02
-3.4342572999e+03
-2.9350884210e+03
8.6906425462e+03
3.5445770003e+03
-7.3909008775e+03
-4.5142342093e+02
6.3456631628e+00
2.9058043734e+01
-2.6367947536e+02
-2.3392789603e+02
1.8039392817e+03
3.7933154725e+02
-4.6723304808e+03
9.8622874021e+02
4.0448892397e+03
-2.1827972812e+03
-1.8015429625e+00
-6.9843079764e+00
7.5046290698e+01
3.0818175360e+01
-5.2368032685e+02
1.2844365111e+02
1.3798078286e+03
-8.7255024424e+02
-1.2111261953e+03
1.1318458603e+03
2.6924052665e-01
8.9960712246e-01
-1.1195752486e+01
-3.7557075518e-01
7.9246180238e+01
-4.7511210796e+01
-2.1159332111e+02
2.0156403080e+02
1.8780351468e+02
-2.3059666487e+02
-1.6463285195e-02
-4.8013539335e-02
6.8221923742e-01
-1.9200231107e-01
-4.8806560376e+00
4.3640586326e+00
1.3170632915e+01
-1.6012992578e+01
-1.1797310179e+01
1.7292301510e+01
