viirs-m_band12A  factor=100
9.0687403412e-01
1.6165562081e+00
-4.3815721573e+00
-9.9139824316e+00
1.5708906972e+01
3.9343319408e+01
-4.6976586578e+01
-8.3642667193e+01
5.1529262223e+01
7.0894501631e+01
2.2912671343e-01
1.4068286089e+00
-1.1389848706e+01
-2.6692188877e+01
1.0067327572e+02
1.4298879545e+02
-3.0114995575e+02
-2.8783962048e+02
2.8692879447e+02
1.9313477382e+02
8.6614605663e-01
1.9309600500e+01
-1.0548509115e+01
-3.6193335334e+02
-2.9396502832e+01
2.2628906025e+03
2.4964218542e+02
-5.7353018897e+03
-3.1782709404e+02
5.0628136436e+03
-2.9563088133e+00
-6.2078368079e+01
1.1238895040e+02
1.0160404332e+03
-5.6561639766e+02
-5.5852413398e+03
1.0135746872e+03
1.2589768216e+04
-5.7221629772e+02
-1.0090627951e+04
4.4788998624e+00
7.3394316790e+01
-2.3697050373e+02
-9.9396150998e+02
1.4789567881e+03
4.3969051509e+03
-3.3522408848e+03
-7.6070892636e+03
2.5382036040e+03
4.4313931355e+03
-3.9509292258e+00
-4.5751024632e+01
2.3701692249e+02
4.2656279081e+02
-1.6190749373e+03
-7.8764573397e+02
3.9873952492e+03
-1.5162343751e+03
-3.2722019608e+03
3.5844976349e+03
2.0558867113e+00
1.6197950153e+01
-1.2779853555e+02
-5.0198100838e+01
9.1671040858e+02
-7.1938940556e+02
-2.3610876914e+03
3.6935454041e+03
2.0194415114e+03
-4.4459872164e+03
-6.1205071438e-01
-3.1975083539e+00
3.7998429906e+01
-2.0657995325e+01
-2.8080691366e+02
4.4230409899e+02
7.4400773036e+02
-1.6736540251e+03
-6.5297674032e+02
1.8249531347e+03
9.5826360461e-02
3.1698088615e-01
-5.8619869369e+00
7.2179621006e+00
4.4179365740e+01
-9.4511981479e+01
-1.1937084212e+02
3.2492504607e+02
1.0665175984e+02
-3.4013086347e+02
-6.1020615667e-03
-1.1490278332e-02
3.6640820006e-01
-6.5058068140e-01
-2.7995203643e+00
7.2339453419e+00
7.6742745881e+00
-2.3716660122e+01
-6.9478908837e+00
2.4272732506e+01
