viirs-m_band15A  factor=100
9.8650371151e-01
1.6287366972e+00
-4.9752318331e+00
-3.4822067235e+00
1.1893990737e+01
-5.8135680369e+00
-2.7219714842e+01
1.8918352340e+01
3.0638311446e+01
-7.2996869379e+00
4.2242025679e-01
1.6027388822e+00
-1.6404965872e+01
-2.7592911407e+01
1.3850528303e+02
1.4830768021e+02
-4.0557109102e+02
-3.0558838419e+02
3.8046455885e+02
2.1004690372e+02
7.9027147493e-01
1.5576301767e+01
3.0109842818e+00
-2.9142653699e+02
-1.4189371292e+02
1.7290869619e+03
5.5344559332e+02
-4.1446688264e+03
-5.9298005202e+02
3.4932917381e+03
-5.6648771706e+00
-6.0455959584e+01
1.4430132126e+02
9.7386956605e+02
-7.3901286137e+02
-5.1027089220e+03
1.5099299151e+03
1.0787094826e+04
-1.0533243139e+03
-8.0655366520e+03
1.0770266906e+01
8.3637867723e+01
-3.4358286708e+02
-1.1636460687e+03
2.1136942842e+03
5.3054451530e+03
-5.0533924744e+03
-9.3944111795e+03
4.1065910019e+03
5.5713084372e+03
-1.0079469406e+01
-6.1497023007e+01
3.5124188190e+02
6.9195991531e+02
-2.2902431339e+03
-2.4459352527e+03
5.7229149688e+03
2.5359618956e+03
-4.8298547494e+03
1.9015254519e+02
5.2183101779e+00
2.6122420251e+01
-1.8949054085e+02
-2.1520663799e+02
1.2724794676e+03
3.5819573835e+02
-3.2564317378e+03
9.2311993420e+02
2.8059695865e+03
-2.0113761547e+03
-1.5169652001e+00
-6.3928054460e+00
5.6136741439e+01
3.1670119963e+01
-3.8386124968e+02
9.2725339067e+01
9.9829806079e+02
-7.5179926292e+02
-8.7275076018e+02
9.9635909222e+02
2.3155069887e-01
8.3547722130e-01
-8.6318549322e+00
-1.1656598078e+00
5.9761636678e+01
-3.7700117612e+01
-1.5731599682e+02
1.7269394691e+02
1.3908125479e+02
-2.0138053705e+02
-1.4431240421e-02
-4.5151841723e-02
5.3856957140e-01
-1.1181523692e-01
-3.7626948081e+00
3.5468006056e+00
1.0001270463e+01
-1.3724995487e+01
-8.9234226360e+00
1.5076537292e+01
