viirs-m_band16A  factor=100
8.7518446367e-01
1.6417142547e+00
-5.7790144678e+00
4.6038194631e+00
1.0482850594e+01
-5.3914561593e+01
-1.4261419886e+01
1.1497852754e+02
1.5417083579e+01
-7.1075067276e+01
5.2364496328e-01
2.0836368864e+00
-2.3666785366e+01
-3.6975147779e+01
2.1803883094e+02
2.0671190592e+02
-6.6638663533e+02
-4.6049258037e+02
6.4528088037e+02
3.4943594528e+02
1.1934428090e+00
1.0468670644e+01
-4.1394340279e+00
-2.0412711754e+02
-1.2629488968e+02
1.1533808333e+03
5.4116076877e+02
-2.5978289158e+03
-5.7539987485e+02
2.0641270236e+03
-8.3921229655e+00
-4.4821500775e+01
2.3607945278e+02
6.4029224557e+02
-1.4338831778e+03
-2.5882965866e+03
3.5611725634e+03
3.6741743555e+03
-3.1221956449e+03
-1.3450961841e+03
1.5743164370e+01
6.2352629722e+01
-5.1610209946e+02
-6.3609107811e+02
3.4443237951e+03
1.0961788742e+03
-9.0083559640e+03
2.8332578301e+03
8.0852634515e+03
-6.1358260911e+03
-1.4426742804e+01
-4.6175196473e+01
5.0235080059e+02
2.5583592273e+02
-3.4420199075e+03
1.1355702172e+03
9.1446413132e+03
-8.0203909031e+03
-8.2727738067e+03
1.0373657889e+04
7.3015935083e+00
1.9809930743e+01
-2.6208387493e+02
-9.3317736876e+00
1.8176103228e+03
-1.3617588007e+03
-4.8748763356e+03
6.0374792394e+03
4.4369178860e+03
-6.9673130990e+03
-2.0777453683e+00
-4.8860503425e+00
7.5795531896e+01
-2.4344748025e+01
-5.2962611131e+02
5.6613304014e+02
1.4311995236e+03
-2.1675259207e+03
-1.3100304415e+03
2.3719061034e+03
3.1118573407e-01
6.4036810313e-01
-1.1448660435e+01
7.0219059902e+00
8.0447251255e+01
-1.0746903326e+02
-2.1882827577e+02
3.8210240468e+02
2.0139550834e+02
-4.0513774116e+02
-1.9077839198e-02
-3.4487534239e-02
7.0471967281e-01
-6.1006253341e-01
-4.9742906070e+00
7.8173719354e+00
1.3611234541e+01
-2.6570597712e+01
-1.2592081843e+01
2.7581941679e+01
