viirs-m_band16B  factor=100
3.0678371447e+00
4.4215175511e+00
-4.9693458530e+00
-8.7806303618e+01
3.7595759015e+01
4.6573180947e+02
-1.5073368633e+02
-1.0100355171e+03
1.7085097170e+02
7.8861021757e+02
-1.2809930455e-01
5.0717867947e-01
9.0267255649e+00
-6.5731983773e-01
-1.2749070745e+02
-1.9130636422e+02
4.8437908286e+02
1.0146756078e+03
-5.4042735541e+02
-1.2456353243e+03
4.3466674980e+00
2.0651431510e+01
-1.5126712139e+02
-3.3337621881e+02
1.1038884273e+03
2.2668360000e+03
-2.6315263661e+03
-6.2086751165e+03
1.9781223242e+03
5.7753146069e+03
-6.5504038504e+00
-2.5154230079e+01
3.3823860577e+02
3.2743012061e+02
-2.2484379771e+03
-2.0449118797e+03
3.8566686169e+03
3.8809454926e+03
-1.0503241862e+03
-2.1548208054e+03
3.2677046574e+00
-4.1050487829e+01
-4.1419498521e+02
1.0113623496e+03
2.8205960448e+03
-6.8121360948e+03
-4.1383730395e+03
2.0846556104e+04
-2.6752075224e+02
-2.1609443752e+04
-7.0232974599e-02
8.4633450203e+01
3.1963700734e+02
-1.8573851475e+03
-2.3362533916e+03
1.2545222669e+04
3.6948088086e+03
-3.5787494835e+04
-1.5935100112e+02
3.4947637974e+04
-4.7291030969e-01
-5.8424068651e+01
-1.5292440083e+02
1.2645359561e+03
1.1914154995e+03
-8.6142961386e+03
-2.1346901603e+03
2.4167100076e+04
5.3441490527e+02
-2.3202374622e+04
1.6362437847e-01
1.9819680391e+01
4.3074539152e+01
-4.2835049882e+02
-3.5101535541e+02
2.9377502714e+03
6.9426002639e+02
-8.1858228234e+03
-2.8041016097e+02
7.7985890231e+03
-2.1517767206e-02
-3.3375952408e+00
-6.4853618266e+00
7.2200878950e+01
5.4454010564e+01
-4.9749189033e+02
-1.1547934943e+02
1.3811479731e+03
5.8357535411e+01
-1.3101093258e+03
9.6151539640e-04
2.2295511182e-01
4.0108275951e-01
-4.8295935766e+00
-3.4363476882e+00
3.3380581749e+01
7.6547035930e+00
-9.2449639749e+01
-4.3875497301e+00
8.7450835842e+01
