viirs-m_band14B  factor=100
3.1151604219e+00
3.5369013512e+00
-6.5402421549e+00
-6.2764298974e+01
4.9182353141e+01
3.3203543186e+02
-1.9303938358e+02
-7.1627596283e+02
2.1686595285e+02
5.5646335506e+02
-2.2321432338e-01
7.3443316651e-01
7.7770998921e+00
-9.5622462297e+00
-8.4097709764e+01
-8.7340082263e+01
2.7723131014e+02
6.4535343306e+02
-2.8758069033e+02
-8.5829202507e+02
3.0723399795e+00
1.6185572754e+00
-1.0921239807e+02
2.7708339154e+01
7.2992583515e+02
-6.0427344429e+00
-1.5861500733e+03
-4.4196749815e+02
1.0525216088e+03
6.8077577587e+02
-3.4895394833e+00
2.4816322957e+01
2.1948432945e+02
-7.1481108784e+02
-1.1721657194e+03
4.6971438986e+03
1.1150018245e+03
-1.3284405169e+04
1.0771794656e+03
1.2940628508e+04
-3.5223403113e-01
-8.8500192455e+01
-2.2055132198e+02
2.0817028321e+03
9.6656525330e+02
-1.3764760892e+04
7.6014013550e+02
3.8230813868e+04
-4.2371140821e+03
-3.6560048087e+04
2.7181153461e+00
1.0402421038e+02
1.3452646601e+02
-2.3459656918e+03
-5.1427351747e+02
1.5565343617e+04
-1.3371060555e+03
-4.2702714284e+04
4.1615822762e+03
4.0358475389e+04
-1.8708821802e+00
-6.0153831007e+01
-5.2054053078e+01
1.3395871856e+03
1.8889564726e+02
-8.9267472952e+03
7.1712400949e+02
2.4327702279e+04
-2.0084666338e+03
-2.2835433062e+04
5.8556993356e-01
1.8653166958e+01
1.2381901939e+01
-4.1356328430e+02
-4.5320593949e+01
2.7662181787e+03
-1.9186468221e+02
-7.5081309978e+03
5.2853403868e+02
7.0170368018e+03
-8.9782819196e-02
-2.9742387603e+00
-1.6335070740e+00
6.5834187931e+01
6.1538408978e+00
-4.4156974322e+02
2.6310243393e+01
1.1951363947e+03
-7.3103333569e+01
-1.1136216320e+03
5.4751886652e-03
1.9159253648e-01
9.0690967334e-02
-4.2388175714e+00
-3.4940422610e-01
2.8485033774e+01
-1.4905946075e+00
-7.6927925488e+01
4.1844267881e+00
7.1522428010e+01
