goes13_band04A  factor=100
9.0553594938e-01
2.7569724681e-01
-3.3721311056e-02
3.4930051072e+01
-3.7880537943e+01
-2.4852018939e+02
9.4399429648e+01
6.1168592112e+02
-6.6876994398e+01
-5.0928214444e+02
6.5429364348e-01
1.3163695878e+00
-2.2486022375e+01
-3.2674939570e+01
1.8872026397e+02
2.5810654553e+02
-5.5171670833e+02
-7.0160310763e+02
5.1817490362e+02
6.1202393214e+02
1.8920330361e-01
-6.1990371096e+00
1.4670281438e+01
3.2568618817e+01
-3.4136780207e+02
-6.1167864933e+01
1.4569123096e+03
9.4854294358e+01
-1.7222597490e+03
-1.1970721535e+02
-7.4871788748e+00
-2.2556287038e+01
1.8076440552e+02
8.0280966749e+02
-5.2667095071e+02
-5.7997263255e+03
-4.7912118996e+02
1.4703350069e+04
1.9465296496e+03
-1.2394777071e+04
1.5248103824e+01
7.6380801073e+01
-3.8554396859e+02
-2.1111531053e+03
1.5208061465e+03
1.4705572815e+04
-1.0374833100e+03
-3.7373879374e+04
-1.5308013509e+03
3.1943269989e+04
-1.3721628273e+01
-8.4570464251e+01
3.3927101450e+02
2.1536823561e+03
-1.3396463254e+03
-1.4850345503e+04
1.0039368768e+03
3.7862193099e+04
1.1930561187e+03
-3.2572564685e+04
6.6299056821e+00
4.6772537407e+01
-1.5831722275e+02
-1.1301199556e+03
5.9442393410e+02
7.7469434202e+03
-3.5888016671e+02
-1.9790099237e+04
-6.7376324183e+02
1.7088209741e+04
-1.7851315489e+00
-1.3992791338e+01
4.1091712769e+01
3.2457780453e+02
-1.4448774802e+02
-2.2138541416e+03
5.5967073116e+01
5.6606754296e+03
2.1614068974e+02
-4.8987389778e+03
2.5251789487e-01
2.1657067570e+00
-5.6076829251e+00
-4.8552411302e+01
1.8368863549e+01
3.2953332841e+02
-2.5153304428e+00
-8.4275037096e+02
-3.5198932931e+01
7.3031755322e+02
-1.4634624677e-02
-1.3609493583e-01
3.1390028639e-01
2.9617886724e+00
-9.5480432101e-01
-2.0001121869e+01
-1.3492165625e-01
5.1133580175e+01
2.2763157913e+00
-4.4348801072e+01
