goes13_band02A  factor=100
2.2238244017e+00
1.6458762642e+00
-1.0707803279e+01
7.8317418042e-01
3.3526660117e+01
3.4163155518e+00
-1.0170789840e+02
-8.7447458829e+01
1.1397572861e+02
1.3742316293e+02
1.2081165650e-01
2.0959699428e+00
-8.1614933081e+00
-4.3554786922e+01
7.3328915246e+01
3.5034737446e+02
-2.1420151050e+02
-1.0104582376e+03
1.9702184667e+02
9.3623552997e+02
5.3336538144e-01
1.2521247664e+01
-6.4080771045e+00
-2.9926136660e+02
-1.2187327525e+02
2.1926646954e+03
6.7969896901e+02
-6.1189037612e+03
-8.7686606053e+02
5.6980850568e+03
-1.3782032402e+00
-5.4547581610e+01
1.0828894340e+02
1.1096398488e+03
-2.3996404823e+02
-7.9894781003e+03
-9.4726487830e+02
2.2224019154e+04
2.2141362360e+03
-2.0531514381e+04
2.2553647094e+00
7.6014132753e+01
-2.3915343952e+02
-1.4061037059e+03
9.8406138119e+02
9.8861052996e+03
-9.5629164535e+00
-2.7347184268e+04
-2.3780762258e+03
2.5073269653e+04
-2.3632401891e+00
-5.5078216343e+01
2.3772601644e+02
8.8871648321e+02
-1.1614228979e+03
-6.0154193984e+03
9.2865843934e+02
1.6487929154e+04
1.2202170580e+03
-1.4951342232e+04
1.3953367988e+00
2.2891874330e+01
-1.2521654154e+02
-3.0323292819e+02
6.6087423631e+02
1.9250993979e+03
-7.5535040881e+02
-5.1973508199e+03
-2.9971680803e+02
4.6283125787e+03
-4.4836052326e-01
-5.4694495413e+00
3.6162929187e+01
5.4223277133e+01
-1.9874531386e+02
-3.0304382192e+02
2.6358767955e+02
7.9355947699e+02
2.6567777968e+01
-6.7966852249e+02
7.3396132691e-02
6.9754588922e-01
-5.4123006532e+00
-4.2738233385e+00
3.0406897744e+01
1.6056789600e+01
-4.3475017454e+01
-3.7140969770e+01
1.4323602703e+00
2.6169924591e+01
-4.7980059647e-03
-3.6792518786e-02
3.2841137872e-01
6.6804526809e-02
-1.8654210994e+00
5.0392471241e-01
2.7707382660e+00
-1.8482094555e+00
-2.6840930428e-01
2.1952780755e+00
