goes13_band06B  factor=100
9.3006342075e+00
4.6436381252e+00
-2.8046620216e+01
1.0982803078e+01
1.0056507274e+02
-1.2166321117e+02
-4.1259640885e+02
2.7892936279e+02
5.0442278149e+02
-1.9896241642e+02
5.5061362962e-01
5.9508371127e+00
-2.1633679582e+01
-1.2982522866e+02
1.6207738230e+02
9.9095087370e+02
-4.4862204397e+02
-2.6311871562e+03
3.9457013609e+02
2.2680219642e+03
3.4373241386e+00
-7.0160847855e+00
-9.5037017641e+01
-7.2044277168e+00
1.0961678421e+02
8.9364456937e+02
1.2122563662e+03
-3.8112494039e+03
-2.3212248814e+03
4.1995069077e+03
-1.3822313966e+01
-3.4856349049e+01
5.7564947389e+02
9.6531432104e+02
-1.8633392032e+03
-9.1083502412e+03
-1.6956336486e+03
2.6776682236e+04
7.3676233308e+03
-2.4503410651e+04
2.2402061360e+01
7.3283252877e+01
-1.0292107648e+03
-1.7708153648e+03
3.8745152953e+03
1.5647089777e+04
7.1587343264e+02
-4.4723219799e+04
-1.0680907483e+04
4.0034440393e+04
-1.9250902690e+01
-6.4051733668e+01
8.9612647231e+02
1.3804361160e+03
-3.5437968898e+03
-1.2125399600e+04
1.2787916711e+02
3.4773046081e+04
8.5206557827e+03
-3.1028658447e+04
9.3671975409e+00
3.0191676948e+01
-4.2861183991e+02
-5.6022360986e+02
1.7155042783e+03
4.9917265425e+03
-1.6836420973e+02
-1.4532713976e+04
-3.9767968045e+03
1.2999914448e+04
-2.5837261070e+00
-7.9629065654e+00
1.1492858883e+02
1.2238323508e+02
-4.5748372757e+02
-1.1246256301e+03
3.8551834970e+01
3.3573622035e+03
1.0802327961e+03
-3.0220265753e+03
3.7618616623e-01
1.1065670959e+00
-1.6208468425e+01
-1.3365722568e+01
6.3506297137e+01
1.2954680497e+02
-1.3212494780e+00
-4.0173956807e+02
-1.5819293816e+02
3.6538318886e+02
-2.2448101807e-02
-6.3222790458e-02
9.3630572814e-01
5.4904768071e-01
-3.5828962085e+00
-5.8497426292e+00
-3.0353617625e-01
1.9238903498e+01
9.6589906324e+00
-1.7780908942e+01
