goes13_band06A  factor=100
3.9724539103e+00
-2.9994343017e+00
1.2111198222e+01
3.4707759477e+01
-4.3898105500e+01
-1.3167747775e+02
5.6698805752e+01
2.2379839004e+02
-2.5477275768e+01
-1.4675108490e+02
-3.1850766582e-02
-1.4612746598e+00
7.4910884327e+00
1.5797375485e+01
-7.0139997816e+01
-1.6257381828e+01
1.9230166752e+02
-1.2510570806e+02
-1.6587243399e+02
2.1643819715e+02
-2.0539643045e+00
-1.4393220249e+01
3.8325160759e+01
2.8722023997e+02
-1.9253695059e+02
-1.7030366806e+03
2.5421717091e+02
3.9897309270e+03
-1.8041208468e+00
-3.2714614106e+03
4.9360284452e+00
3.9043257907e+01
-1.9039314392e+02
-7.6125415790e+02
1.2970226309e+03
4.0227317358e+03
-2.7156068234e+03
-7.9655989348e+03
1.6293114754e+03
5.3228987363e+03
-6.1419742780e+00
-2.8175139708e+01
3.5942606652e+02
4.5355238370e+02
-2.5517278314e+03
-1.2274013825e+03
5.7220189883e+03
-1.3953921838e+03
-3.9062708395e+03
4.6182504439e+03
4.7161540929e+00
3.5877856891e+00
-3.4523134307e+02
1.5759259902e+02
2.4613719325e+03
-2.8004262509e+03
-5.6805055343e+03
1.1667456580e+04
4.1083186988e+03
-1.3612452787e+04
-2.2347875244e+00
4.9740747750e+00
1.8155147657e+02
-2.8313321440e+02
-1.2912057001e+03
2.8659103754e+03
3.0304759694e+03
-9.7984579563e+03
-2.2688943441e+03
1.0427713393e+04
6.2483247177e-01
-2.7145433711e+00
-5.2849004579e+01
1.2363673403e+02
3.7470089003e+02
-1.1303446213e+03
-8.8980299928e+02
3.6436966883e+03
6.8204198488e+02
-3.7488118102e+03
-9.3666674942e-02
5.4823518037e-01
7.9913939288e+00
-2.3539351931e+01
-5.6513639032e+01
2.0670396370e+02
1.3542490139e+02
-6.4832327497e+02
-1.0561310266e+02
6.5569179696e+02
5.7797359452e-03
-4.0259089376e-02
-4.8995154567e-01
1.6915531642e+00
3.4580920565e+00
-1.4553620474e+01
-8.3487269971e+00
4.4953022307e+01
6.5986755818e+00
-4.5006969840e+01
