goes13_band02B  factor=100
2.9522979057e+00
2.4332682362e+00
-2.2184949968e+01
-2.7203714333e+01
1.6394158111e+02
1.6412664793e+02
-6.3737520728e+02
-3.3193951281e+02
7.1114018890e+02
2.2310503975e+02
-4.6213842361e-01
2.7144779888e+00
1.4117966458e+01
-7.3957178924e+01
-1.3171252012e+02
6.2161325486e+02
3.4849292349e+02
-1.6645897339e+03
-2.9673082953e+02
1.4398379695e+03
3.6087920374e+00
-2.4326605009e+01
-1.3405805413e+02
4.9202210661e+02
8.4144336002e+02
-2.6621875426e+03
-1.7045200748e+03
5.6293246122e+03
9.8564708231e+02
-4.2414891233e+03
-6.1439621464e+00
8.8142667247e+01
3.2625552302e+02
-1.7323551270e+03
-1.3958781113e+03
8.5779922660e+03
9.0594096621e+02
-1.8654217166e+04
1.8045759283e+03
1.5251378234e+04
4.8364784977e+00
-1.4725852753e+02
-4.0559855536e+02
2.7411229293e+03
1.2825731202e+03
-1.2682383606e+04
1.4522632798e+03
2.5926956940e+04
-5.8639472646e+03
-2.0441829771e+04
-1.9014587834e+00
1.2735850323e+02
2.8578056286e+02
-2.2891990527e+03
-6.6265961911e+02
1.0022371273e+04
-2.4606382432e+03
-1.8793866451e+04
6.1958694779e+03
1.3713962824e+04
2.9445851770e-01
-6.1827864221e+01
-1.1762697447e+02
1.0879800569e+03
1.7333182962e+02
-4.5520771863e+03
1.5929586101e+03
7.7781765366e+03
-3.3726383841e+03
-5.1075800119e+03
2.8222705026e-02
1.7054283932e+01
2.7925864933e+01
-2.9591664902e+02
-1.4410864056e+01
1.1904867196e+03
-5.2924903283e+02
-1.8465865604e+03
1.0110673630e+03
1.0556620840e+03
-1.4896445535e-02
-2.4974825624e+00
-3.5366358005e+00
4.2907362344e+01
-2.1758344379e+00
-1.6667184928e+02
8.9068226514e+01
2.3383678105e+02
-1.5833338577e+02
-1.1084070051e+02
1.3501219979e-03
1.5080388142e-01
1.8480590341e-01
-2.5730447680e+00
3.6406854333e-01
9.6859496941e+00
-6.0096161834e+00
-1.2256876691e+01
1.0119370128e+01
4.4467289923e+00
