avhrr_band05B  factor=100
6.9667311522e+00
1.0337357936e+01
-5.1361720657e+01
-1.2803818930e+02
2.4864204934e+02
5.3653985516e+02
-6.1915213839e+02
-9.7813905267e+02
5.6811535797e+02
6.6792842423e+02
-2.4294770300e-01
4.4720123068e+00
1.7583579379e+00
-2.9251844897e+01
-3.2682270352e+01
-1.4615993467e+02
1.6964749476e+02
1.1341083358e+03
-2.2733763643e+02
-1.5059845269e+03
5.3293811308e+00
2.6385520154e+01
-1.2162443303e+02
-4.2335198525e+02
4.8394190282e+02
2.5672907893e+03
7.3542848640e+01
-6.3603425236e+03
-1.2970066086e+03
5.4927832646e+03
-8.5771433162e+00
-6.5794718935e+01
4.1206082086e+02
6.6614060768e+02
-1.6060233451e+03
-2.2503241255e+03
-1.5029014471e+03
2.3478816145e+02
6.9183282493e+03
3.9808522799e+03
8.0203244565e+00
8.5236157092e+00
-7.5016621685e+02
1.0572870665e+03
3.3476018720e+03
-1.0685610938e+04
5.4279763584e+02
3.8148545831e+04
-9.7841316903e+03
-4.2077067090e+04
-5.7847344112e+00
5.1181162394e+01
7.3193816369e+02
-2.3772882621e+03
-3.5710936712e+03
1.9393566325e+04
1.5093454081e+03
-6.0040441063e+04
6.5466723454e+03
6.0972324708e+04
2.9252411089e+00
-4.3817137472e+01
-3.8943623143e+02
1.7005988679e+03
1.9891062636e+03
-1.3357148416e+04
-1.4835655552e+03
3.9760195153e+04
-2.4316341849e+03
-3.9263177614e+04
-8.9077384822e-01
1.5815591982e+01
1.1359460757e+02
-5.8747233946e+02
-5.9268449225e+02
4.5593300190e+03
5.4500417571e+02
-1.3340643572e+04
5.2802753315e+02
1.2996945716e+04
1.4319844330e-01
-2.7222129575e+00
-1.7083155238e+01
9.9824281061e+01
8.9766699020e+01
-7.7124015979e+02
-9.0451278195e+01
2.2360381010e+03
-6.4703589506e+01
-2.1617382935e+03
-9.2966995437e-03
1.8287776141e-01
1.0362977622e+00
-6.6948870204e+00
-5.4346427923e+00
5.1642700606e+01
5.6620992650e+00
-1.4891247222e+02
3.5473113015e+00
1.4327665472e+02
