avhrr_band04A  factor=100
5.5874769641e-01
1.8340428041e-01
2.1247868172e+00
3.5800314965e+01
-5.2646691310e+01
-2.5252363133e+02
1.4116408606e+02
6.1384179440e+02
-1.1417679852e+02
-5.0459972369e+02
7.0064642826e-01
1.2257303459e+00
-2.4690312368e+01
-3.2026417792e+01
2.1201402170e+02
2.4424564672e+02
-6.2317683951e+02
-6.4654251018e+02
5.8643453540e+02
5.5220100936e+02
6.8754419134e-01
-7.1030516113e+00
-3.1462990275e+00
3.3909509974e+01
-1.9105982786e+02
-4.0983410653e+01
1.0089844935e+03
3.1218775261e+01
-1.2803363599e+03
-6.6128419818e+01
-9.2913960789e+00
-1.6746471055e+01
2.5352238334e+02
7.5680521621e+02
-1.2184686659e+03
-5.5055271084e+03
1.6955722912e+03
1.3770779591e+04
-2.4413117149e+02
-1.1410330877e+04
1.7821412679e+01
6.4867168421e+01
-4.9571926403e+02
-1.9813317152e+03
2.6148728475e+03
1.3747818032e+04
-4.5770611470e+03
-3.4318285412e+04
2.0997542299e+03
2.8765457247e+04
-1.5713080285e+01
-7.3542658291e+01
4.2849988181e+02
2.0073009173e+03
-2.2462303883e+03
-1.3731735189e+04
3.9949011410e+03
3.4291174560e+04
-1.9170721171e+03
-2.8874523610e+04
7.5362615968e+00
4.0991267082e+01
-2.0043767815e+02
-1.0456905799e+03
1.0277413754e+03
7.0933024043e+03
-1.8072533965e+03
-1.7706971574e+04
8.4668020451e+02
1.4937639410e+04
-2.0268089056e+00
-1.2296685674e+01
5.2658498877e+01
2.9819280658e+02
-2.6426587256e+02
-2.0084389791e+03
4.5971497972e+02
5.0076722032e+03
-2.1034683765e+02
-4.2264442480e+03
2.8735925237e-01
1.9043509396e+00
-7.3158839257e+00
-4.4301776195e+01
3.6117475281e+01
2.9636381137e+02
-6.2661022882e+01
-7.3759739129e+02
2.8585868576e+01
6.2232968833e+02
-1.6726696737e-02
-1.1962179620e-01
4.1857713231e-01
2.6850807335e+00
-2.0443187553e+00
-1.7840714084e+01
3.5694342052e+00
4.4303922441e+01
-1.6617904997e+00
-3.7351190918e+01
