avhrr_band05A  factor=100
2.3691580295e-02
-1.5291098872e+00
1.0518453390e+01
7.0566485284e+01
-1.0366236832e+02
-4.1139049876e+02
2.5099264973e+02
8.8901114499e+02
-1.9719021757e+02
-6.6700838817e+02
7.7168498731e-01
2.1448163074e+00
-3.3010320238e+01
-7.0707357775e+01
3.1645227540e+02
5.7239380404e+02
-9.7505209466e+02
-1.6224227178e+03
9.4335639376e+02
1.4875081165e+03
1.3061679349e+00
-1.3692750001e+01
-4.5552156627e+01
7.2437885444e+01
1.2643567709e+02
1.9527857312e+01
1.1281962503e+02
-6.2482126139e+02
-3.9988520193e+02
7.8996720081e+02
-1.2626607240e+01
-7.5458235485e+00
4.5849988221e+02
9.3642065396e+02
-3.0567851764e+03
-7.6139901525e+03
7.3141880647e+03
2.0705430170e+04
-5.8456424878e+03
-1.8358014929e+04
2.3168413979e+01
6.6230867097e+01
-7.8857253857e+02
-2.5753195901e+03
5.4145775104e+03
1.8620758715e+04
-1.3462647934e+04
-4.8163788911e+04
1.1125409695e+04
4.1608916701e+04
-1.9949426913e+01
-8.1919861675e+01
6.3711517750e+02
2.6701050140e+03
-4.3574746184e+03
-1.8709578192e+04
1.0961600884e+04
4.7619449768e+04
-9.1522466734e+03
-4.0764094507e+04
9.4184479623e+00
4.6730135000e+01
-2.8515941694e+02
-1.4108061839e+03
1.9353982862e+03
9.7582388042e+03
-4.9201487672e+03
-2.4649473905e+04
4.1505208675e+03
2.1004252051e+04
-2.5050427638e+00
-1.4078126015e+01
7.2780735582e+01
4.0575172138e+02
-4.9200415300e+02
-2.7858805649e+03
1.2682687329e+03
7.0040592580e+03
-1.0846695765e+03
-5.9504261895e+03
3.5241495326e-01
2.1721607802e+00
-9.9393912811e+00
-6.0546206100e+01
6.7299008236e+01
4.1347164289e+02
-1.7652925758e+02
-1.0358006618e+03
1.5351489961e+02
8.7796117969e+02
-2.0408732358e-02
-1.3536126583e-01
5.6438313519e-01
3.6739764611e+00
-3.8477229810e+00
-2.4974776905e+01
1.0293918887e+01
6.2375527787e+01
-9.1158317076e+00
-5.2769333311e+01
