avhrr_band03B  factor=100
2.5639528886e+00
2.0975146873e+00
-1.8203954964e+01
-2.3181150746e+01
1.3584123735e+02
1.1363009009e+02
-5.2222510100e+02
-1.7207823640e+02
5.7996337041e+02
6.9446472667e+01
-3.7306999125e-01
2.0759857710e+00
9.5196090807e+00
-5.0794997637e+01
-7.6576763264e+01
3.6850176139e+02
1.8059558175e+02
-8.4245147358e+02
-1.4158887997e+02
6.2439413245e+02
3.3128805945e+00
-2.6226863555e+01
-1.1857815054e+02
5.4410272414e+02
6.9617451235e+02
-3.1904790273e+03
-1.2200242709e+03
7.4243999365e+03
5.1217984817e+02
-6.0990340826e+03
-6.3113229190e+00
9.5053788232e+01
3.1173450439e+02
-1.9469495389e+03
-1.4434215266e+03
1.1403498315e+04
1.1804073154e+03
-2.8833872794e+04
1.4157548380e+03
2.5933778617e+04
5.7101371578e+00
-1.5502151691e+02
-3.9349716434e+02
3.0310178515e+03
1.5091754089e+03
-1.7198123520e+04
3.5593751743e+02
4.3101612749e+04
-4.4609797445e+03
-3.8874181987e+04
-2.7730959639e+00
1.3184476469e+02
2.7439864616e+02
-2.4983641875e+03
-8.4022906330e+02
1.3731048359e+04
-1.4957763430e+03
-3.3484466142e+04
4.9013809752e+03
2.9751372361e+04
7.1185602985e-01
-6.3259732245e+01
-1.1080227827e+02
1.1760926514e+03
2.4192305377e+02
-6.2890138397e+03
1.1576722004e+03
1.4873221328e+04
-2.7565238039e+03
-1.2951464738e+04
-7.9333878581e-02
1.7291991107e+01
2.5753250948e+01
-3.1756589780e+02
-2.9741306160e+01
1.6582828197e+03
-4.1590842067e+02
-3.8039050867e+03
8.4381588432e+02
3.2404385301e+03
-5.2937307976e-04
-2.5133885202e+00
-3.1941006268e+00
4.5777139685e+01
-1.8598322535e-01
-2.3407206584e+02
7.2701567984e+01
5.2137504982e+02
-1.3363055239e+02
-4.3422004200e+02
5.6816070662e-04
1.5078910867e-01
1.6363327543e-01
-2.7313004989e+00
2.4493648538e-01
1.3707501493e+01
-4.9923680087e+00
-2.9693777407e+01
8.5775045726e+00
2.4177149191e+01
