avhrr_band03A  factor=100
1.7997486265e+00
1.9011614401e+00
-1.1553078720e+01
-2.6834226738e+00
4.1833725295e+01
1.5061699488e+01
-1.2708980708e+02
-9.3874336542e+01
1.3901798077e+02
1.2860685570e+02
1.3635247665e-01
2.5505323070e+00
-1.0383667210e+01
-5.6166903586e+01
9.6915925936e+01
4.3188840389e+02
-2.9419526954e+02
-1.2059874974e+03
2.8139089542e+02
1.0970626474e+03
1.0883050058e+00
1.6456170968e+01
-2.5553844186e+01
-3.7050365957e+02
3.9620371014e+01
2.5630693312e+03
2.0505918037e+02
-6.8976896776e+03
-4.2393424345e+02
6.2924841976e+03
-3.0595432192e+00
-6.6297258803e+01
1.8178590154e+02
1.3653249613e+03
-9.0506386989e+02
-9.3535508970e+03
1.1744823733e+03
2.4899458815e+04
4.0488757022e+01
-2.2343538594e+04
4.5991252956e+00
8.8564294200e+01
-3.5672289579e+02
-1.7165619717e+03
2.0587709133e+03
1.1534601424e+04
-3.5285546008e+03
-3.0326189087e+04
1.3177413790e+03
2.6798358570e+04
-4.1840954797e+00
-6.2135021439e+01
3.3882567050e+02
1.0812842441e+03
-2.0847526114e+03
-7.0072463755e+03
3.9828194502e+03
1.8054315009e+04
-2.0245946709e+03
-1.5589831580e+04
2.2225164962e+00
2.5141551482e+01
-1.7475689668e+02
-3.6957049426e+02
1.1124605828e+03
2.2444468943e+03
-2.2565554874e+03
-5.5764026880e+03
1.3055101665e+03
4.6162102992e+03
-6.6595515775e-01
-5.8630508368e+00
4.9954728308e+01
6.6718797196e+01
-3.2437816611e+02
-3.5543509546e+02
6.8281726069e+02
8.1318751011e+02
-4.2377780893e+02
-6.0424769856e+02
1.0403273468e-01
7.3030198121e-01
-7.4400448964e+00
-5.4221153635e+00
4.8892899498e+01
1.9457501325e+01
-1.0540996902e+02
-2.9750599425e+01
6.8234161280e+01
6.3583148867e+00
-6.5819414221e-03
-3.7600473755e-02
4.5058616917e-01
1.0246962377e-01
-2.9815788912e+00
5.1238987827e-01
6.5276685756e+00
-2.8131452755e+00
-4.3367596118e+00
3.8377024897e+00
