avhrr_band04B  factor=100
5.7295235483e+00
9.2667359023e+00
-4.9813480011e+01
-1.2829336964e+02
2.5931264030e+02
6.1675804535e+02
-6.5895292567e+02
-1.2854001738e+03
6.0454527716e+02
9.8881561658e+02
-8.4223026311e-01
3.9022165580e+00
1.3398972853e+01
-2.7273210411e+01
-9.9771064680e+01
-5.6541679755e+01
3.1110948789e+02
6.4718479811e+02
-3.2554765605e+02
-8.9854231383e+02
5.0676336766e+00
2.5965004558e+01
-1.2074767073e+02
-4.0770345170e+02
6.0069749878e+02
2.5009062079e+03
-6.7933966689e+02
-6.3083137038e+03
-2.2459384615e+02
5.5247034945e+03
-1.6227199317e+00
-3.5030792171e+01
2.4960761890e+02
-3.3911112631e+01
-9.1500845236e+02
2.0338315117e+03
-1.6637553010e+03
-9.3225286954e+03
5.5083638765e+03
1.1284188389e+04
-6.3705729858e+00
-6.0011124026e+01
-3.9532653503e+02
2.6077568342e+03
1.5714463208e+03
-2.0462192964e+04
2.6313293259e+03
6.0835762562e+04
-9.2017257255e+03
-6.0119852278e+04
7.4527317253e+00
1.1751620346e+02
4.0137231638e+02
-3.8226125084e+03
-1.8604488007e+03
2.8479191238e+04
-8.5600701817e+02
-8.1229064817e+04
6.6384164449e+03
7.7934307368e+04
-3.5948580908e+00
-7.8292212510e+01
-2.2712084416e+02
2.4168946163e+03
1.1441482212e+03
-1.7796058802e+04
-2.5793268384e+02
5.0052170385e+04
-2.5850175811e+03
-4.7475763135e+04
8.9266635278e-01
2.5821560774e+01
6.9710068990e+01
-7.8580840819e+02
-3.6499055466e+02
5.7667022654e+03
2.0985810927e+02
-1.6113174084e+04
5.7880887233e+02
1.5194338361e+04
-1.1233712362e-01
-4.2508281151e+00
-1.0901367623e+01
1.2885346202e+02
5.7917291337e+01
-9.4478933756e+02
-4.3502727557e+01
2.6303760004e+03
-7.1942952537e+01
-2.4718271220e+03
5.6701192476e-03
2.7868909167e-01
6.8166727438e-01
-8.4470844752e+00
-3.6233828988e+00
6.1942831599e+01
3.0046784970e+00
-1.7208096003e+02
3.9326776027e+00
1.6135582665e+02
