abi_band13B  factor=100
5.4249834273e+00
8.3821809284e+00
-4.5637254890e+01
-1.2342284500e+02
2.5306384942e+02
6.2179976089e+02
-6.7863206390e+02
-1.3328943443e+03
6.3940608470e+02
1.0430657968e+03
-1.0192388283e+00
3.8473093286e+00
1.9249468895e+01
-3.6903979320e+01
-1.4810876328e+02
5.8029197679e+01
4.4043951482e+02
2.7202997600e+02
-4.3768354224e+02
-5.2134229364e+02
5.5502243723e+00
2.4350186528e+01
-1.5630170668e+02
-3.9543588594e+02
9.6745054875e+02
2.5523955045e+03
-1.9263002914e+03
-6.6947892248e+03
1.1044303892e+03
6.0273770866e+03
-1.3438399021e+00
-1.9007176166e+01
3.0068857937e+02
-2.7704123957e+02
-1.6285823836e+03
3.0031097665e+03
1.1939576510e+03
-1.0725107348e+04
2.1592341237e+03
1.1877963180e+04
-8.1066990419e+00
-9.3270159861e+01
-4.2189394458e+02
3.1604337980e+03
2.3257714819e+03
-2.3105847042e+04
-9.3190351438e+02
6.5876767097e+04
-4.7301760860e+03
-6.3546646403e+04
9.3704377320e+00
1.4991428816e+02
4.0282175948e+02
-4.3546322574e+03
-2.3768875535e+03
3.1109838840e+04
1.8774388761e+03
-8.6436492204e+04
3.0825753020e+03
8.1634335992e+04
-4.5875925175e+00
-9.5454321621e+01
-2.2382472310e+02
2.6880187306e+03
1.3773101520e+03
-1.9131196918e+04
-1.5498844494e+03
5.2683085669e+04
-8.8537818355e+02
-4.9340171877e+04
1.1640641107e+00
3.0894710337e+01
6.8626664406e+01
-8.6260080808e+02
-4.3055117202e+02
6.1383080451e+03
5.7185101774e+02
-1.6831058962e+04
1.0405884963e+02
1.5693160461e+04
-1.5017205308e-01
-5.0376942734e+00
-1.0794700562e+01
1.4029902184e+02
6.8143032568e+01
-9.9893170549e+02
-9.8316373031e+01
2.7321839132e+03
-7.9544503695e-01
-2.5405355699e+03
7.7868405335e-03
3.2861959573e-01
6.8114714580e-01
-9.1482275443e+00
-4.2925961841e+00
6.5179664220e+01
6.4502606329e+00
-1.7798435813e+02
-4.7903584699e-01
1.6520079771e+02
