abi_band11B  factor=100
5.4141009571e+00
7.1554533607e+00
-4.0045940671e+01
-8.8605522245e+01
2.1474891372e+02
4.2518587304e+02
-6.1554836684e+02
-8.8490150883e+02
6.0933411530e+02
6.7999886951e+02
-6.5111181152e-01
3.9505758221e+00
1.0090317616e+01
-5.1979497817e+01
-6.9604171441e+01
2.0378221193e+02
1.9749711288e+02
-1.4912089518e+02
-1.9872428509e+02
-1.4126024512e+02
4.9118371073e+00
1.2814582340e+01
-1.4332795387e+02
-2.0420873553e+02
7.7237780301e+02
1.4501442358e+03
-1.1405636707e+03
-4.1140383556e+03
2.0185318270e+02
3.8957329142e+03
-3.8104968261e+00
-6.6048219107e+00
3.5826567350e+02
-3.3349574785e+02
-1.7044774328e+03
2.8336407611e+03
6.1493051395e+02
-9.7139914070e+03
3.2772216438e+03
1.0749294747e+04
-1.8053397217e+00
-7.6845268947e+01
-5.3136730309e+02
2.4599716209e+03
2.5652512731e+03
-1.7639141524e+04
-4.0613993414e+02
5.0972711156e+04
-6.1071266704e+03
-5.0052414863e+04
3.4890539783e+00
1.1660691154e+02
4.7560434501e+02
-3.3212973833e+03
-2.4178694028e+03
2.3497850315e+04
1.0312857552e+03
-6.5993393168e+04
4.5882181221e+03
6.3197153472e+04
-1.7540772760e+00
-7.3241914560e+01
-2.4590764600e+02
2.0468391837e+03
1.2965687377e+03
-1.4468022499e+04
-8.8770172069e+02
4.0173083401e+04
-1.8286971900e+03
-3.8041416534e+04
4.1299243596e-01
2.3579517314e+01
7.1338119246e+01
-6.5801338098e+02
-3.8324750850e+02
4.6561915680e+03
3.2728104194e+02
-1.2849573895e+04
4.1589833671e+02
1.2089543084e+04
-4.6036973243e-02
-3.8350627415e+00
-1.0773428252e+01
1.0728604881e+02
5.8231285992e+01
-7.6006785489e+02
-5.5341440436e+01
2.0893098162e+03
-5.2237842745e+01
-1.9574426514e+03
1.8777655449e-03
2.4981890239e-01
6.5927666194e-01
-7.0129937142e+00
-3.5538652455e+00
4.9733465719e+01
3.5338104987e+00
-1.3633165470e+02
2.8733805894e+00
1.2734587198e+02
