abi_band16A  factor=100
3.8638390626e+00
-3.1621846680e+00
1.2724246637e+01
3.8294845062e+01
-4.6799124466e+01
-1.4708361774e+02
5.8267241901e+01
2.4863691299e+02
-2.3201557651e+01
-1.6013772544e+02
-5.6549025517e-03
-1.3543109354e+00
6.4951258512e+00
1.1430364108e+01
-6.0772549670e+01
2.2416948852e+01
1.6370024741e+02
-2.4324793075e+02
-1.3833853098e+02
3.3132395791e+02
-2.0673302907e+00
-1.4832073451e+01
3.7127950635e+01
2.8876837073e+02
-1.8912641387e+02
-1.6820474601e+03
2.4822004668e+02
3.8817857217e+03
6.6668193334e+00
-3.1452213656e+03
4.6086494489e+00
3.8168559358e+01
-1.7572378248e+02
-7.1829877719e+02
1.1987493521e+03
3.6416115201e+03
-2.4558154499e+03
-6.7877071249e+03
1.3883668725e+03
4.1619716770e+03
-5.4353796721e+00
-2.4173702905e+01
3.3443350539e+02
3.3341194031e+02
-2.3710545800e+03
-3.2199304761e+02
5.2294336422e+03
-3.9827328752e+03
-3.4522328596e+03
7.0691715839e+03
4.0752739669e+00
-1.0761465957e+00
-3.2574867334e+02
2.8793327469e+02
2.3122663379e+03
-3.7408216867e+03
-5.2596591568e+03
1.4280303766e+04
3.7164647081e+03
-1.6047129392e+04
-1.9251853491e+00
7.5790444572e+00
1.7317460479e+02
-3.5498024811e+02
-1.2233758218e+03
3.3769210768e+03
2.8317756546e+03
-1.1201702757e+04
-2.0810069258e+03
1.1725406829e+04
5.4140982843e-01
-3.4903555349e+00
-5.0781302409e+01
1.4506086100e+02
3.5697682513e+02
-1.2819692530e+03
-8.3599661336e+02
4.0578754433e+03
6.3034804359e+02
-4.1304644127e+03
-8.1814335025e-02
6.6695395226e-01
7.7148315958e+00
-2.6834957265e+01
-5.4009625978e+01
2.2999259732e+02
1.2758413180e+02
-7.1179437122e+02
-9.7974704441e+01
7.1408789538e+02
5.0867296024e-03
-4.7603956149e-02
-4.7434123581e-01
1.8967359246e+00
3.3096181674e+00
-1.6003469859e+01
-7.8721645358e+00
4.8901684706e+01
6.1292890132e+00
-4.8638486260e+01
