abi_band12B  factor=100
1.5318707379e+01
1.0152220381e+01
-2.9043868681e+01
-1.1056468478e+02
2.1561575630e+02
5.7956654718e+02
-8.6758187720e+02
-1.2735542868e+03
9.8716258065e+02
1.0042767051e+03
-1.3015757617e+00
-4.3676535115e-01
3.0715933102e+01
-3.4148880683e+01
-2.6950262839e+02
1.6498983589e+02
7.7490021646e+02
-2.6903618540e+01
-7.4298272431e+02
-3.2195770326e+02
6.3705418477e+00
-1.4270792707e+01
-1.5486839779e+02
4.4737464127e+02
3.9231974193e+02
-2.9060112553e+03
5.9754962021e+02
7.0416919310e+03
-1.8334194659e+03
-5.9037738700e+03
-9.2457418644e+00
1.1941023242e+02
1.6794725774e+02
-2.9345557720e+03
2.5782858132e+03
1.8831687404e+04
-1.5578403467e+04
-4.8889432326e+04
2.1109559847e+04
4.4285769082e+04
8.1992389137e+00
-2.9993199554e+02
-3.1500033825e+01
6.3902699578e+03
-6.0918744944e+03
-3.8890253392e+04
3.1233948718e+04
9.6791119588e+04
-4.0701673140e+04
-8.5288050990e+04
-4.8844026697e+00
3.1259033166e+02
-6.4940709849e+01
-6.3581324513e+03
5.7456309651e+03
3.7590849852e+04
-2.7993195918e+04
-9.0538114682e+04
3.6074115723e+04
7.7794373959e+04
1.9471773462e+00
-1.6758310522e+02
5.5511900863e+01
3.3590918495e+03
-2.8702634803e+03
-1.9515229361e+04
1.3572239959e+04
4.5875876939e+04
-1.7381920641e+04
-3.8631948176e+04
-4.9060621822e-01
4.9043009374e+01
-1.9760700890e+01
-9.7845454522e+02
8.0020600763e+02
5.6132548978e+03
-3.6936352392e+03
-1.2941774330e+04
4.7046925175e+03
1.0715874487e+04
6.9314526164e-02
-7.4631020010e+00
3.4272457188e+00
1.4861264204e+02
-1.1791482375e+02
-8.4387053160e+02
5.3221155019e+02
1.9138785794e+03
-6.7396716875e+02
-1.5615734631e+03
-4.1311711760e-03
4.6271743478e-01
-2.3683812229e-01
-9.2015583894e+00
7.1713322845e+00
5.1790254432e+01
-3.1671497904e+01
-1.1578893203e+02
3.9850610361e+01
9.3246697404e+01
