abi_band13A  factor=100
1.1601271400e+00
6.5016559153e-01
-2.6701702985e+00
2.7880173160e+01
-1.7376026777e+01
-2.0334798478e+02
3.1321304723e+01
5.0170895566e+02
-5.0689640307e+00
-4.1723923603e+02
5.7086551726e-01
1.4385451735e+00
-1.9958950523e+01
-3.4792252427e+01
1.6730874669e+02
2.7329897623e+02
-4.9205731708e+02
-7.4519506630e+02
4.6394879319e+02
6.5398171388e+02
8.1545162667e-02
-2.2242341668e+00
2.0793039390e+01
-2.6185156763e+01
-3.8827338813e+02
2.6997025806e+02
1.5630322963e+03
-7.0881267258e+02
-1.7985575128e+03
5.8029504552e+02
-6.0546679109e+00
-3.1268688921e+01
1.3373113741e+02
8.8126183220e+02
-1.4763012664e+02
-6.1190051355e+03
-1.4816031884e+03
1.5362167914e+04
2.8179563110e+03
-1.2945991706e+04
1.2609859191e+01
8.2131364314e+01
-3.0979663306e+02
-2.0688671756e+03
9.2672014706e+02
1.4166834291e+04
5.4901719824e+02
-3.5872224943e+04
-2.9360452563e+03
3.0653262683e+04
-1.1499527468e+01
-8.5157062148e+01
2.8139310360e+02
2.0319723398e+03
-9.0130389294e+02
-1.3861068514e+04
-1.6432415979e+02
3.5319053559e+04
2.2369792392e+03
-3.0417803107e+04
5.6104897415e+00
4.5769282755e+01
-1.3371148012e+02
-1.0462086469e+03
4.1433452799e+02
7.1154993758e+03
1.1957349658e+02
-1.8204248862e+04
-1.1048928960e+03
1.5754546125e+04
-1.5219911995e+00
-1.3481315894e+01
3.5092989788e+01
2.9702968637e+02
-1.0184109694e+02
-2.0135118178e+03
-5.7268362559e+01
5.1645443818e+03
3.1926671397e+02
-4.4841874430e+03
2.1655436178e-01
2.0664516249e+00
-4.8193997634e+00
-4.4083399773e+01
1.2881762607e+01
2.9771018878e+02
1.2109524354e+01
-7.6479217934e+02
-4.8698720493e+01
6.6556806573e+02
-1.2607204551e-02
-1.2901286103e-01
2.7046552530e-01
2.6737314219e+00
-6.5596759542e-01
-1.7980831035e+01
-9.3835475642e-01
4.6229036279e+01
3.0296813889e+00
-4.0297755419e+01
