abi_band10B  factor=100
6.8954598359e+00
-2.2679588564e+00
-1.2335742011e+01
5.8855275277e+01
1.4152114361e+02
-1.4536572517e+02
-7.1578010269e+02
6.0068850446e+01
8.4837915072e+02
8.9114538935e+01
-1.5540048923e-01
1.1228184453e+01
1.0692315585e+01
-3.2674750181e+02
-1.8790888032e+02
2.8171096844e+03
5.8117815406e+02
-8.3439167495e+03
-4.9594741330e+02
7.9490052191e+03
6.6114156979e-01
5.3554449990e+01
-1.2334992668e+02
-1.1242589512e+03
1.0595813965e+03
7.7979094749e+03
-3.3883380789e+03
-2.1885194021e+04
3.5071065412e+03
2.0708139910e+04
-2.4825001584e+00
-2.7523041716e+02
3.6955220199e+02
5.8440656211e+03
-1.6991540576e+03
-4.2412120517e+04
3.5418171602e+03
1.2009852515e+05
-3.1911800014e+03
-1.1348043572e+05
5.2540868791e+00
4.6355802418e+02
-5.5906860936e+02
-9.9151295846e+03
2.1557707654e+03
7.2156497628e+04
-2.7407681210e+03
-2.0557516368e+05
1.2661329806e+03
1.9505220491e+05
-5.1526276676e+00
-3.9329526764e+02
4.5037979215e+02
8.5053776831e+03
-1.7996398921e+03
-6.1923201859e+04
2.0177532422e+03
1.7725831434e+05
-3.9458904643e+02
-1.6875189327e+05
2.5661026606e+00
1.8684946629e+02
-2.0253266389e+02
-4.0821961726e+03
8.6013649499e+02
2.9731266113e+04
-9.7838355934e+02
-8.5427182101e+04
1.2141237372e+02
8.1535218516e+04
-6.7651590836e-01
-5.0409861838e+01
5.1144057730e+01
1.1102169088e+03
-2.2638589747e+02
-8.0899590858e+03
2.5488178549e+02
2.3320759099e+04
-1.1958700184e+01
-2.2305665036e+04
8.9908334862e-02
7.2192107927e+00
-6.7866118932e+00
-1.5989421921e+02
3.0482648747e+01
1.1657913569e+03
-3.1564859583e+01
-3.3706844729e+03
-4.2279819568e+00
3.2301530983e+03
-4.7249247237e-03
-4.2636669149e-01
3.6856389366e-01
9.4750218975e+00
-1.6334895266e+00
-6.9119461589e+01
1.3750382262e+00
2.0040953345e+02
7.8679598902e-01
-1.9239816568e+02
