abi_band10A  factor=100
2.7958224039e+00
-8.7831230163e-01
7.1756268873e+00
-5.4283973119e+00
-6.3138315185e+01
-1.9112810282e+01
2.7750650150e+02
1.6943552840e+02
-3.1909519173e+02
-2.2299499359e+02
-4.1051676971e-01
-7.0678587886e+00
2.0323321790e+01
1.8622228408e+02
-1.7519052787e+02
-1.4109248568e+03
5.2404581716e+02
3.9458932337e+03
-5.1452378572e+02
-3.6514480854e+03
-4.0881675840e+00
-3.7593902495e+01
1.5305433652e+02
8.7772754009e+02
-1.0428869483e+03
-6.3035331075e+03
2.7339090527e+03
1.7612887625e+04
-2.5089311698e+03
-1.6485495210e+04
1.7995667183e+01
1.6252929205e+02
-7.6307852113e+02
-3.6724296516e+03
5.5661247951e+03
2.5774841391e+04
-1.4794774529e+04
-7.0862156855e+04
1.3403812548e+04
6.5551658507e+04
-2.9899929773e+01
-2.3368775755e+02
1.3348107323e+03
5.1401509753e+03
-1.0132854982e+04
-3.4972495609e+04
2.7348681422e+04
9.4529492546e+04
-2.4837315344e+04
-8.6503485146e+04
2.5527879091e+01
1.7382970604e+02
-1.1807229770e+03
-3.6900836805e+03
9.2503185601e+03
2.4195812897e+04
-2.5413485495e+04
-6.4047103690e+04
2.3287772673e+04
5.7810930260e+04
-1.2215779930e+01
-7.3692295935e+01
5.8196713931e+02
1.4949770835e+03
-4.6748195446e+03
-9.3786308850e+03
1.3050678883e+04
2.4183948462e+04
-1.2075557409e+04
-2.1442526494e+04
3.3083982495e+00
1.7905696883e+01
-1.6185972436e+02
-3.4351075340e+02
1.3262778943e+03
2.0399011768e+03
-3.7519873279e+03
-5.0826772640e+03
3.5014675793e+03
4.3971753123e+03
-4.7380257411e-01
-2.3200825727e+00
2.3758267911e+01
4.1557584219e+01
-1.9780166424e+02
-2.2967341269e+02
5.6555904949e+02
5.4508953008e+02
-5.3154690012e+02
-4.5435296952e+02
2.7891983567e-02
1.2425454825e-01
-1.4314030929e+00
-2.0433697559e+00
1.2072202868e+01
1.0210647740e+01
-3.4810614203e+01
-2.2425010412e+01
3.2905392592e+01
1.7496295254e+01
