abi_band12A  factor=100
2.7993597423e+00
-4.3346684391e+00
-1.5270174078e+00
9.6859048474e+01
-7.9327261830e+01
-4.8083388895e+02
2.5679323066e+02
9.3418100049e+02
-2.3882434474e+02
-6.4352053496e+02
8.7712445255e-01
5.0718472155e+00
-2.1340464306e+01
-8.6177784694e+01
1.4407371327e+02
9.2713788070e+02
-3.7428414751e+02
-3.1008754863e+03
3.3812406871e+02
3.1420836672e+03
-2.6388121196e+00
-1.8125290035e+00
4.4030491130e+01
-1.8629900038e+02
-3.0448450276e+02
2.4519015898e+03
1.0311037355e+03
-8.8102479231e+03
-1.1417497737e+03
9.2831144258e+03
1.4933335554e+00
-9.2002359809e+01
1.7856712170e+02
2.2151582931e+03
-1.5334433564e+03
-1.9181609646e+04
3.1876335193e+03
5.9926937049e+04
-1.9711245278e+03
-5.9435447811e+04
2.1377852495e+00
2.4347057791e+02
-4.9761973584e+02
-4.9354186247e+03
4.1636554321e+03
3.7738253716e+04
-9.7928484656e+03
-1.1075018496e+05
7.4033008229e+03
1.0646336081e+05
-3.7404077447e+00
-2.5065539464e+02
4.9519707911e+02
4.8014056047e+03
-4.0874699703e+03
-3.4627337354e+04
9.8045306764e+03
9.8055137950e+04
-7.6038776938e+03
-9.2440903267e+04
2.2987546224e+00
1.3216722361e+02
-2.5088150368e+02
-2.4628215807e+03
2.0389912158e+03
1.7161596767e+04
-4.8636945656e+03
-4.7467029248e+04
3.7476233120e+03
4.4149437484e+04
-6.9822123595e-01
-3.8060929827e+01
6.9390033324e+01
6.9634750905e+02
-5.5430604777e+02
-4.7383492958e+03
1.2983856282e+03
1.2881788875e+04
-9.7850286841e+02
-1.1860910017e+04
1.0547203259e-01
5.7055485209e+00
-1.0006238964e+01
-1.0277593603e+02
7.8479360212e+01
6.8661164373e+02
-1.7906129010e+02
-1.8415764490e+03
1.3049273008e+02
1.6822108664e+03
-6.3399775524e-03
-3.4887925396e-01
5.9040699159e-01
6.1903357888e+00
-4.5439542328e+00
-4.0728495058e+01
1.0040422906e+01
1.0803656132e+02
-7.0039636878e+00
-9.8055843903e+01
