abi_band09A  factor=100
1.3025423671e+00
2.5146458988e-01
6.7510589516e+00
-2.3426604492e+01
-5.0066597619e+01
1.0495679734e+02
2.0337304670e+02
-1.8484118540e+02
-2.2668515567e+02
1.1631412808e+02
2.3329719040e-01
-7.1937363068e+00
4.1233253700e+00
1.9341936791e+02
-5.7586798239e+01
-1.4863783518e+03
2.2965973787e+02
4.1697535336e+03
-2.7842139449e+02
-3.8661155772e+03
-2.0087433974e+00
-5.0778165085e+01
8.8224099934e+01
1.0547093760e+03
-7.1612307863e+02
-6.7172055970e+03
2.1807503310e+03
1.7346469956e+04
-2.1884678430e+03
-1.5533275134e+04
3.5145203409e+00
2.1063178123e+02
-2.8963967879e+02
-4.6191933427e+03
2.3035317263e+03
3.0493203782e+04
-6.7779846956e+03
-7.9779995277e+04
6.7414229829e+03
7.1675414557e+04
-3.3310277851e+00
-3.1686925610e+02
4.2608639438e+02
7.1118102422e+03
-3.3847045241e+03
-4.7306494399e+04
9.7270224160e+03
1.2429418643e+05
-9.4756873579e+03
-1.1181805950e+05
1.7288144670e+00
2.5031490432e+02
-3.3586004014e+02
-5.6681306511e+03
2.7050873137e+03
3.7766672570e+04
-7.7428298057e+03
-9.9409767316e+04
7.4679299557e+03
8.9450601651e+04
-3.7947360404e-01
-1.1318800658e+02
1.4955290465e+02
2.5629855777e+03
-1.2293067197e+03
-1.7049776292e+04
3.5402874663e+03
4.4877442906e+04
-3.4104257777e+03
-4.0346144106e+04
-2.1272328317e-02
2.9416597882e+01
-3.7566198460e+01
-6.6250373938e+02
3.1597012388e+02
4.3902865046e+03
-9.1908143553e+02
-1.1539316500e+04
8.8837694838e+02
1.0356093014e+04
2.1850031145e-02
-4.0884517484e+00
4.9507007994e+00
9.1257206509e+01
-4.2653956827e+01
-6.0139095387e+02
1.2542433630e+02
1.5766259096e+03
-1.2189866634e+02
-1.4114801629e+03
-2.4453398315e-03
2.3559039985e-01
-2.6538599090e-01
-5.1981053426e+00
2.3436375497e+00
3.4016250508e+01
-6.9643444613e+00
-8.8860724465e+01
6.8113222783e+00
7.9306018609e+01
