abi_band16B  factor=100
9.0965646343e+00
5.1615566954e+00
-3.0738933356e+01
7.4604019795e+00
1.1270770882e+02
-1.1119384503e+02
-4.5086719175e+02
2.6671112939e+02
5.4557873619e+02
-1.9480732543e+02
5.6561804596e-01
6.3541497011e+00
-2.2647546966e+01
-1.3731968611e+02
1.6906327590e+02
1.0400590596e+03
-4.6764352294e+02
-2.7414175296e+03
4.1103636985e+02
2.3482849073e+03
3.8452153398e+00
-6.0307301204e+00
-1.0540770146e+02
-3.3268637421e+01
1.5512713502e+02
1.0954295988e+03
1.1811893201e+03
-4.3797013500e+03
-2.3740847100e+03
4.7267714504e+03
-1.4963976871e+01
-3.9246967678e+01
6.2150178701e+02
1.0658350541e+03
-2.0811717392e+03
-9.8759170679e+03
-1.4899840283e+03
2.8732496215e+04
7.5338957624e+03
-2.6116285694e+04
2.3998652666e+01
7.7060660644e+01
-1.1100390136e+03
-1.8591044570e+03
4.2863643081e+03
1.6410232742e+04
2.2209038455e+02
-4.6621860462e+04
-1.0816470895e+04
4.1464981710e+04
-2.0550689819e+01
-6.4977575171e+01
9.6920309839e+02
1.3929947857e+03
-3.9317089196e+03
-1.2346149443e+04
6.5944115546e+02
3.5275528185e+04
8.5301780250e+03
-3.1248601886e+04
9.9915581351e+00
2.9833267462e+01
-4.6514437657e+02
-5.4030070098e+02
1.9136507044e+03
4.9132530844e+03
-4.6087927736e+02
-1.4292137246e+04
-3.9434236803e+03
1.2675683672e+04
-2.7565665452e+00
-7.6959985564e+00
1.2512767849e+02
1.1088805890e+02
-5.1338002949e+02
-1.0593587493e+03
1.2467985202e+02
3.1766497037e+03
1.0641386302e+03
-2.8309074632e+03
4.0159239779e-01
1.0481280859e+00
-1.7697718415e+01
-1.0946103312e+01
7.1698114565e+01
1.1458178036e+02
-1.4253246911e+01
-3.6107151317e+02
-1.5525558411e+02
3.2477040462e+02
-2.3981083346e-02
-5.8760143960e-02
1.0249287077e+00
3.6554226581e-01
-4.0699621491e+00
-4.6695428313e+00
4.7465349833e-01
1.6056010509e+01
9.4668311032e+00
-1.4682590903e+01
