abi_band07A  factor=100
1.9865417286e+00
1.5058025205e+00
-1.0058286730e+01
1.4554155566e-01
3.3201952452e+01
1.0813337395e+01
-1.0313091414e+02
-1.0369840023e+02
1.1547835337e+02
1.4790248058e+02
9.6476222511e-02
1.9094092964e+00
-6.7406445072e+00
-4.0787565692e+01
6.0197511133e+01
3.3466132180e+02
-1.7684016606e+02
-9.7512829621e+02
1.6368091492e+02
9.0921270959e+02
4.4748191675e-01
1.2020205344e+01
-4.8120675883e+00
-2.8128819612e+02
-1.1508820405e+02
2.0612731386e+03
6.1813704467e+02
-5.7734815576e+03
-7.9160350715e+02
5.3950692143e+03
-9.7026337231e-01
-5.1204214720e+01
8.9134922813e+01
1.0324767540e+03
-1.3977314778e+02
-7.5155945906e+03
-1.0597721532e+03
2.1120933825e+04
2.1793258766e+03
-1.9658010350e+04
1.5552720781e+00
7.0911032795e+01
-2.0202184455e+02
-1.3028631354e+03
7.6124968059e+02
9.3366133182e+03
3.4914637192e+02
-2.6276565519e+04
-2.4747135703e+03
2.4392789392e+04
-1.7375829208e+00
-5.1224074579e+01
2.0403832073e+02
8.2310504115e+02
-9.5149756005e+02
-5.7402495428e+03
5.5658396520e+02
1.6169255382e+04
1.3664098863e+03
-1.4958940610e+04
1.0817631303e+00
2.1258679683e+01
-1.0854609873e+02
-2.8190026616e+02
5.5523430187e+02
1.8785103588e+03
-5.5799524382e+02
-5.3026305960e+03
-3.8984698353e+02
4.8845514695e+03
-3.5986991198e-01
-5.0770553638e+00
3.1546819869e+01
5.0959403819e+01
-1.6915272902e+02
-3.1174567597e+02
2.0617372074e+02
8.8647316198e+02
5.5310109401e+01
-8.1197113967e+02
6.0276268929e-02
6.4772122089e-01
-4.7405054949e+00
-4.1412496507e+00
2.6054192177e+01
2.0172163628e+01
-3.4769876885e+01
-5.9121517918e+01
-3.2191494804e+00
5.3581293638e+01
-4.0033718617e-03
-3.4197086170e-02
2.8838151920e-01
7.7537965700e-02
-1.6032590436e+00
1.0085883057e-01
2.2329201973e+00
-6.7142434163e-02
3.3449317720e-02
1.0643040116e-01
