abi_band14A  factor=100
6.1365524438e-01
-2.9616006139e-01
4.7485984258e+00
4.6244957980e+01
-7.2262570629e+01
-3.1757613517e+02
1.9736984496e+02
7.6904173382e+02
-1.6656580077e+02
-6.3291363219e+02
7.5711084091e-01
1.1827289929e+00
-2.6858538494e+01
-3.2817231380e+01
2.3470622936e+02
2.4973549502e+02
-6.9296211709e+02
-6.6005885368e+02
6.5321136191e+02
5.6325480058e+02
5.0272465012e-01
-1.1626369022e+01
-4.6053829348e-01
1.0192262478e+02
-2.2588909136e+02
-4.3744089062e+02
1.1549527472e+03
1.0212151246e+03
-1.4542560361e+03
-9.4317039143e+02
-9.7600441832e+00
-9.9878140068e+00
2.6615762372e+02
7.3561748930e+02
-1.2879650520e+03
-5.5656356123e+03
1.7593598610e+03
1.4073623854e+04
-1.8444521102e+02
-1.1706454939e+04
1.9103680967e+01
6.6248892431e+01
-5.1081312685e+02
-2.2173683761e+03
2.6616895206e+03
1.5624284858e+04
-4.5008508838e+03
-3.9357344365e+04
1.8490939632e+03
3.3257884155e+04
-1.6853041283e+01
-8.1073258128e+01
4.2905732027e+02
2.3516096400e+03
-2.1674084538e+03
-1.6294689399e+04
3.5924378404e+03
4.1068545538e+04
-1.3959482175e+03
-3.4901900972e+04
8.0387058642e+00
4.6562652543e+01
-1.9464631829e+02
-1.2567593830e+03
9.3449718743e+02
8.6387286124e+03
-1.4576259612e+03
-2.1779382748e+04
4.5392236720e+02
1.8560015795e+04
-2.1449824476e+00
-1.4192986419e+01
4.9619392292e+01
3.6479080983e+02
-2.2603343723e+02
-2.4928255012e+03
3.2873983507e+02
6.2825598335e+03
-7.1010959931e+01
-5.3609777673e+03
3.0145339810e-01
2.2201645340e+00
-6.6982970273e+00
-5.4941336936e+01
2.9087142261e+01
3.7346164077e+02
-3.9618597293e+01
-9.4038354764e+02
4.7695931094e+00
8.0286262006e+02
-1.7389297528e-02
-1.4041925319e-01
3.7296914436e-01
3.3672453420e+00
-1.5540882167e+00
-2.2771325260e+01
2.0058334943e+00
5.7266445788e+01
-7.4934649990e-02
-4.8894878301e+01
