abi_band09B  factor=100
6.9529231440e+00
-3.3047381820e+00
-4.0600481496e+00
5.5445978918e+01
3.0800996282e+01
-2.4937653837e+02
-1.6439886563e+02
5.4883622034e+02
1.9697454558e+02
-4.6434476434e+02
-1.1700019070e+00
1.0812492845e+00
3.9150697569e+01
-5.8285089840e+01
-3.8940074725e+02
7.2903180672e+02
1.1525696140e+03
-2.4000250127e+03
-1.0522399680e+03
2.3850730815e+03
-5.9037006710e+00
1.0054451252e+01
1.0852474961e+02
-6.3266974043e+01
-3.4041031064e+02
-6.0322950867e+02
-2.8462724455e+01
3.1194005591e+03
5.4476944486e+02
-3.5304449649e+03
3.2259249589e+01
-6.6693945277e+01
-8.6056586173e+02
1.3458090902e+03
6.3328656621e+03
-8.6886291037e+03
-1.6365198719e+04
2.2093072510e+04
1.4185716583e+04
-1.9617676387e+04
-5.5424582716e+01
1.5736434407e+02
1.6644654420e+03
-3.8155339678e+03
-1.3332845234e+04
2.8554964917e+04
3.6962083079e+04
-8.0736211082e+04
-3.3811208059e+04
7.6169818862e+04
4.7819397551e+01
-1.6624501472e+02
-1.5605656351e+03
4.3224898113e+03
1.2944778450e+04
-3.3591669206e+04
-3.6971406230e+04
9.7508020187e+04
3.4639264061e+04
-9.3304281107e+04
-2.3154192668e+01
9.2051532633e+01
8.0589270096e+02
-2.4832719391e+03
-6.8273881060e+03
1.9598800599e+04
1.9858946703e+04
-5.7503402353e+04
-1.8880981179e+04
5.5332515259e+04
6.3771356021e+00
-2.7895219139e+01
-2.3347645029e+02
7.6949262201e+02
2.0083734974e+03
-6.1190464431e+03
-5.9175983567e+03
1.8045607989e+04
5.6829321876e+03
-1.7408566359e+04
-9.3270666033e-01
4.3855609384e+00
3.5547534097e+01
-1.2273778594e+02
-3.0951871984e+02
9.7981419829e+02
9.2098957352e+02
-2.8968212367e+03
-8.9098551292e+02
2.7977365629e+03
5.6229129483e-02
-2.7993684361e-01
-2.2136296574e+00
7.9115611419e+00
1.9473024817e+01
-6.3278093646e+01
-5.8401012460e+01
1.8728527525e+02
5.6818162655e+01
-1.8094706693e+02
