abi_band15B  factor=100
7.0344006340e+00
9.8325262556e+00
-4.8924719552e+01
-1.2092487613e+02
2.4252871216e+02
4.9780472201e+02
-6.3219678130e+02
-8.7699017391e+02
5.9697390405e+02
5.7375268749e+02
-2.9163337048e-01
4.3882946800e+00
5.7316891285e+00
-3.3265995228e+01
-7.3239119425e+01
-9.8044221103e+01
2.9347357038e+02
1.0006633407e+03
-3.4740205139e+02
-1.3928541345e+03
5.4537108515e+00
2.3749526644e+01
-1.4094848624e+02
-3.9045890927e+02
6.6457084574e+02
2.4596203907e+03
-4.5735419337e+02
-6.2867282835e+03
-8.0105831460e+02
5.5593946451e+03
-8.3189618526e+00
-5.6160934012e+01
4.4055192365e+02
5.4474543409e+02
-1.8727053098e+03
-1.8988774048e+03
-7.2864357896e+02
-1.1483215635e+02
6.2216700828e+03
4.0347930467e+03
7.2554004514e+00
-6.2109291585e+00
-7.6658460068e+02
1.2447632465e+03
3.5419400585e+03
-1.1203906732e+04
-5.3332547036e+01
3.8614431916e+04
-9.2611909107e+03
-4.2132218512e+04
-5.0998345802e+00
6.3965614906e+01
7.3322194713e+02
-2.5354952087e+03
-3.6479846264e+03
1.9813057753e+04
1.7960386097e+03
-6.0316494931e+04
6.2866834111e+03
6.0878447707e+04
2.6258402185e+00
-5.0299240156e+01
-3.8671707008e+02
1.7773680522e+03
2.0051553946e+03
-1.3548693588e+04
-1.5763689113e+03
3.9818873311e+04
-2.3375807132e+03
-3.9122374025e+04
-8.2140141266e-01
1.7697026827e+01
1.1234593668e+02
-6.0870488140e+02
-5.9419276334e+02
4.6076098123e+03
5.6557342018e+02
-1.3330715513e+04
5.0392916306e+02
1.2925522455e+04
1.3510652909e-01
-3.0113787349e+00
-1.6865211971e+01
1.0293577465e+02
8.9807302736e+01
-7.7745994361e+02
-9.3342918162e+01
2.2301439909e+03
-6.0914226288e+01
-2.1458639957e+03
-8.9299197773e-03
2.0112864267e-01
1.0225655247e+00
-6.8827084768e+00
-5.4361904953e+00
5.1960750263e+01
5.8538015877e+00
-1.4826985100e+02
3.2824806293e+00
1.4197307612e+02
