abi_band11A  factor=100
2.3128789357e+00
6.2715411266e-01
-5.3369734388e+00
3.6996857421e+01
-1.3996753415e+00
-2.2454969886e+02
-4.7207544203e+01
4.7318862573e+02
9.0696706491e+01
-3.4097553124e+02
5.6681891346e-01
3.4242661174e+00
-2.4681798397e+01
-8.6258317641e+01
2.2109967834e+02
6.7191018353e+02
-6.6361300818e+02
-1.8731561470e+03
6.3196832259e+02
1.7012063989e+03
7.9130453065e-01
5.5660416606e+00
-1.9328167652e+01
-2.2289057457e+02
-1.2719705159e+02
1.7736095668e+03
9.3277514028e+02
-5.0732130872e+03
-1.2624127212e+03
4.7578417318e+03
-8.0435581706e+00
-6.6155989507e+01
3.1839122730e+02
1.6769831512e+03
-1.5532956181e+03
-1.1901548845e+04
2.1113559861e+03
3.1677552368e+04
-2.2730350042e+02
-2.8254377133e+04
1.5484625086e+01
1.3152804226e+02
-6.1403337895e+02
-3.1526879167e+03
3.3958498945e+03
2.1670464679e+04
-5.9500673588e+03
-5.6478660884e+04
2.6238294520e+03
4.9633426420e+04
-1.3926340887e+01
-1.2102011083e+02
5.3886681587e+02
2.7962758928e+03
-3.0765452677e+03
-1.8907458454e+04
5.7116633580e+03
4.8759372877e+04
-2.8679117255e+03
-4.2518176339e+04
6.8084406311e+00
6.0510244831e+01
-2.5661706621e+02
-1.3510332977e+03
1.4817023823e+03
9.0296357356e+03
-2.8253710382e+03
-2.3122059112e+04
1.4909748958e+03
2.0055201011e+04
-1.8598178756e+00
-1.6926436155e+01
6.8496396214e+01
3.6573797067e+02
-3.9771602657e+02
-2.4201878722e+03
7.7246765646e+02
6.1626327695e+03
-4.2066101427e+02
-5.3226697127e+03
2.6687815936e-01
2.4914011668e+00
-9.6423459232e+00
-5.2166594633e+01
5.6221132361e+01
3.4196112193e+02
-1.1089931423e+02
-8.6646466287e+02
6.1943921323e+01
7.4565508944e+02
-1.5677732236e-02
-1.5038789385e-01
5.5771032094e-01
3.0542918839e+00
-3.2643095361e+00
-1.9834223309e+01
6.5283254722e+00
5.0024734647e+01
-3.7268028811e+00
-4.2909021727e+01
