abi_band08A  factor=100
6.5053920789e-01
7.3790986148e-01
7.4426223052e+00
-3.0736211288e+01
-3.4216820914e+01
1.5705495452e+02
1.0594797402e+02
-3.2343593489e+02
-1.0716063403e+02
2.3976354560e+02
4.0014136397e-01
-4.6508407756e+00
2.4977129326e+00
1.1668445912e+02
-4.8518930269e+01
-8.9082227131e+02
1.8052194149e+02
2.4913534450e+03
-2.0962761551e+02
-2.2988261547e+03
1.6912072488e+00
-2.6607922156e+01
2.2504900912e+01
5.1801622138e+02
-3.9986996515e+02
-2.9779635774e+03
1.4657953677e+03
7.1810976550e+03
-1.5693603130e+03
-6.1639697507e+03
-1.1110775298e+01
1.2214800255e+02
-4.3270024275e+01
-2.6395218533e+03
1.1709675073e+03
1.6588614548e+04
-4.3224334981e+03
-4.2009171111e+04
4.6659582881e+03
3.6909092684e+04
1.9729703814e+01
-1.9941604812e+02
-1.0918031938e+01
4.5287488949e+03
-1.0663643833e+03
-2.9167507374e+04
4.2414126082e+03
7.4961497570e+04
-4.6633153102e+03
-6.6357173287e+04
-1.7178834469e+01
1.6849019767e+02
7.7263916011e+01
-3.9248877175e+03
1.9155484403e+02
2.5571186498e+04
-1.2877760518e+03
-6.6168825867e+04
1.5767357047e+03
5.8757086143e+04
8.3601159825e+00
-8.0511644639e+01
-6.7851144292e+01
1.8978015289e+03
2.3142003187e+02
-1.2426444433e+04
-4.2071649929e+02
3.2236064958e+04
3.0087631142e+02
-2.8642842038e+04
-2.3162869449e+00
2.1917963625e+01
2.6297718176e+01
-5.1890206965e+02
-1.4459136353e+02
3.4015124643e+03
3.7595921615e+02
-8.8238181914e+03
-3.4647920493e+02
7.8335901618e+03
3.4142466216e-01
-3.1702217844e+00
-4.8454423729e+00
7.5056105190e+01
3.1768461920e+01
-4.9135189463e+02
-8.9246297275e+01
1.2725516630e+03
8.5346986175e+01
-1.1277577257e+03
-2.0777176365e-02
1.8915170312e-01
3.4606164630e-01
-4.4661788226e+00
-2.4900551548e+00
2.9150074683e+01
7.2436748480e+00
-7.5292935348e+01
-7.0328322357e+00
6.6567826467e+01
