abi_band08B  factor=100
6.6628663316e+00
-2.5807397003e+00
3.0460687070e+00
2.4011091906e+01
-3.6973989965e+01
-1.2408911051e+02
1.4673400672e+02
3.4006538692e+02
-1.6220634034e+02
-3.3395963651e+02
-7.9395141459e-01
-7.9514233786e+00
3.5328804323e+01
2.0097132235e+02
-3.5368907806e+02
-1.3501528163e+03
1.1075966383e+03
3.5409742262e+03
-1.0872011821e+03
-3.1772260453e+03
-9.3633669785e+00
-5.9059045313e+01
2.2425228852e+02
1.3628820511e+03
-1.2506062554e+03
-9.6472094050e+03
2.8102096670e+03
2.6398575066e+04
-2.3455527254e+03
-2.4345247197e+04
3.9742321869e+01
2.1810947978e+02
-1.1497018581e+03
-4.9259119347e+03
8.0747549539e+03
3.3308866770e+04
-2.1262944248e+04
-8.8590815844e+04
1.9206844690e+04
8.0294057389e+04
-6.4249278581e+01
-2.7421063344e+02
2.0580885803e+03
5.9579511105e+03
-1.5440083228e+04
-3.8074671088e+04
4.2238860029e+04
9.7020795570e+04
-3.8942386813e+04
-8.5364146422e+04
5.3707054874e+01
1.7747013361e+02
-1.8692928089e+03
-3.5731354158e+03
1.4613836829e+04
2.0789720074e+04
-4.1020084869e+04
-4.8870843903e+04
3.8417652866e+04
4.0386099290e+04
-2.5308897411e+01
-6.4612311164e+01
9.4510572491e+02
1.1371548250e+03
-7.6195450821e+03
-5.4917777308e+03
2.1815124124e+04
1.0468569557e+04
-2.0687874502e+04
-6.9658271129e+03
6.7801581602e+00
1.3139960678e+01
-2.6887852158e+02
-1.7970501789e+02
2.2210501336e+03
4.8299352940e+02
-6.4585244377e+03
7.7281329232e+01
6.1852124941e+03
-9.0074901199e+02
-9.6355734450e-01
-1.3617421764e+00
4.0245685368e+01
9.8838222054e+00
-3.3909767837e+02
5.5735965075e+01
9.9833534302e+02
-3.7356380948e+02
-9.6354843483e+02
4.7599585503e+02
5.6415064887e-02
5.3737416288e-02
-2.4655373740e+00
2.4963674996e-01
2.1120249969e+01
-9.8743027881e+00
-6.2807879473e+01
4.1142922552e+01
6.0999903831e+01
-4.6358279227e+01
