abi_band14B  factor=100
6.0818938566e+00
1.0063563047e+01
-5.3499378000e+01
-1.4279222753e+02
2.8319998412e+02
6.9308454730e+02
-7.1378612273e+02
-1.4525784000e+03
6.4860549189e+02
1.1209904175e+03
-9.1199529240e-01
4.6191726981e+00
1.4285674829e+01
-3.9776101147e+01
-1.0959151623e+02
1.5521062186e+01
3.4793770226e+02
4.7412878862e+02
-3.6563474494e+02
-7.5057962896e+02
5.6204090139e+00
3.8174513936e+01
-1.3619027764e+02
-6.4025393354e+02
7.5351512866e+02
3.9433169860e+03
-1.1930818028e+03
-9.9272300384e+03
3.1848819834e+02
8.6950868364e+03
-1.8357339000e+00
-6.7320136127e+01
2.8981053379e+02
5.3189464396e+02
-1.3909985368e+03
-1.2980938409e+03
-5.8515944096e+00
-1.2196040400e+03
3.7254904623e+03
4.3418907914e+03
-6.8276379780e+00
-3.1034057778e+01
-4.7701270882e+02
2.2242398545e+03
2.5181710955e+03
-1.8684029881e+04
-5.7144031792e+02
5.7263151107e+04
-5.8212040031e+03
-5.7519030058e+04
7.8538297255e+00
1.0645424374e+02
4.9457321870e+02
-3.8263342872e+03
-2.8805063683e+03
2.9270066782e+04
2.4925086312e+03
-8.4356023108e+04
3.1694128594e+03
8.1342516169e+04
-3.6843789849e+00
-7.7534051736e+01
-2.8301261681e+02
2.5350083815e+03
1.7311219361e+03
-1.9005616489e+04
-2.1470663418e+03
5.3798132150e+04
-6.5184978324e+02
-5.1169418532e+04
8.8036137161e-01
2.6548681723e+01
8.7567967182e+01
-8.4264821249e+02
-5.4738854727e+02
6.2745439096e+03
7.8947862549e+02
-1.7619203364e+04
-9.6981597140e+00
1.6647171517e+04
-1.0514932035e-01
-4.4640277331e+00
-1.3793488570e+01
1.3996918625e+02
8.6888906379e+01
-1.0392980415e+03
-1.3479218231e+02
2.9057181697e+03
2.0277969387e+01
-2.7349596041e+03
4.9394711505e-03
2.9674546402e-01
8.6873234039e-01
-9.2540009962e+00
-5.4710285947e+00
6.8629750887e+01
8.7928727010e+00
-1.9137723965e+02
-1.8951989542e+00
1.7970160004e+02
