abi_band15A  factor=100
4.7842485087e-01
-1.7392411563e+00
8.4321446010e+00
7.5713180072e+01
-8.5190328706e+01
-4.1834063489e+02
1.7291867131e+02
8.6999385408e+02
-1.0883555837e+02
-6.3270337550e+02
7.3725810655e-01
2.8331436477e+00
-3.2290551744e+01
-9.0864335091e+01
3.0771867209e+02
7.6620063240e+02
-9.5506895699e+02
-2.2358371086e+03
9.3124183835e+02
2.0946799787e+03
8.8090747247e-01
-1.1540207610e+01
-3.3796111530e+01
3.3663821288e+01
2.3140582484e+01
3.2570561619e+02
3.8896336255e+02
-1.5806253452e+03
-6.3685164073e+02
1.7488018947e+03
-1.1282711147e+01
-2.1824116534e+01
4.2053335369e+02
1.1968927118e+03
-2.6352061725e+03
-9.7270461235e+03
6.0285256279e+03
2.7256550285e+04
-4.6368813607e+03
-2.4892796033e+04
2.1384231980e+01
9.3731868221e+01
-7.3673193576e+02
-3.0984038063e+03
4.8147367413e+03
2.2783752594e+04
-1.1548008278e+04
-6.0984281338e+04
9.2492625834e+03
5.4379369668e+04
-1.8618578440e+01
-1.0742193760e+02
5.9645713793e+02
3.1792934308e+03
-3.8969574438e+03
-2.2731008868e+04
9.4608272967e+03
5.9951233682e+04
-7.6404697178e+03
-5.3026332798e+04
8.8216013965e+00
5.9644308883e+01
-2.6588298435e+02
-1.6796034189e+03
1.7253693149e+03
1.1878008877e+04
-4.2282804656e+03
-3.1135170680e+04
3.4393373500e+03
2.7444940960e+04
-2.3463120873e+00
-1.7735130596e+01
6.7402544523e+01
4.8444165047e+02
-4.3544093084e+02
-3.4071631520e+03
1.0804900361e+03
8.9034166456e+03
-8.8860490757e+02
-7.8353329446e+03
3.2947354796e-01
2.7161630254e+00
-9.1330017280e+00
-7.2561743354e+01
5.9027557696e+01
5.0855078744e+02
-1.4885239090e+02
-1.3265182987e+03
1.2424683579e+02
1.1664299789e+03
-1.9026122090e-02
-1.6848072681e-01
5.1445896323e-01
4.4206424911e+00
-3.3428651022e+00
-3.0898704393e+01
8.5893522496e+00
8.0502750236e+01
-7.2937469933e+00
-7.0761188788e+01
