abi_band07B  factor=100
2.7683499796e+00
2.2197769605e+00
-2.0955716519e+01
-2.6361368082e+01
1.6099968691e+02
1.5229003718e+02
-6.2789293246e+02
-2.8243500089e+02
6.9935942305e+02
1.6672531850e+02
-4.6843296340e-01
2.4075485638e+00
1.4831516081e+01
-6.5827439901e+01
-1.3890886191e+02
5.5374828805e+02
3.7046761195e+02
-1.4641504125e+03
-3.1774091592e+02
1.2503340306e+03
3.4361695793e+00
-2.5155406463e+01
-1.2830210950e+02
5.1597451159e+02
8.1417864202e+02
-2.8762520564e+03
-1.6622759469e+03
6.3034727744e+03
9.7666451053e+02
-4.9137523318e+03
-5.6998495813e+00
9.2192410067e+01
2.9797139760e+02
-1.8357291524e+03
-1.2362014705e+03
9.5323658228e+03
6.3651266198e+02
-2.1733790529e+04
1.8869515041e+03
1.8341082094e+04
4.2419294859e+00
-1.5216913825e+02
-3.5631176484e+02
2.8617175385e+03
9.8372190487e+02
-1.3867110667e+04
1.9767926662e+03
2.9911344148e+04
-6.0459667420e+03
-2.4508287282e+04
-1.4147635426e+00
1.3029191986e+02
2.4231327080e+02
-2.3534394018e+03
-3.8822438146e+02
1.0722081541e+04
-2.9610356924e+03
-2.1298297614e+04
6.3926603145e+03
1.6334168277e+04
5.4274355571e-02
-6.2784899560e+01
-9.6345256295e+01
1.1036510642e+03
3.5886597624e+01
-4.7655801925e+03
1.8504303630e+03
8.6286881645e+03
-3.4825049193e+03
-6.0324397776e+03
9.6770243039e-02
1.7218491043e+01
2.2076125036e+01
-2.9676605446e+02
2.3792856986e+01
1.2213395574e+03
-6.0182979315e+02
-2.0006461969e+03
1.0432987074e+03
1.2346855116e+03
-2.5254287969e-02
-2.5096680414e+00
-2.6922069882e+00
4.2609648906e+01
-7.7060941340e+00
-1.6782202215e+02
9.9594693030e+01
2.4683027474e+02
-1.6302994218e+02
-1.2809234885e+02
1.9899418329e-03
1.5094354357e-01
1.3498598081e-01
-2.5335157216e+00
6.8907389053e-01
9.5856397793e+00
-6.6224377871e+00
-1.2565343280e+01
1.0385268434e+01
5.0464845732e+00
