ahi_band14A  factor=100
5.8816951922e-01
-3.1995386467e-01
4.9843471868e+00
4.6799585040e+01
-7.4099225279e+01
-3.2135659167e+02
2.0359851113e+02
7.7784931969e+02
-1.7296995267e+02
-6.3978323404e+02
7.6478319955e-01
1.2142840284e+00
-2.7226497717e+01
-3.3451880489e+01
2.3862511224e+02
2.5240872787e+02
-7.0507205827e+02
-6.6485089464e+02
6.6486858853e+02
5.6655866486e+02
5.1514284154e-01
-1.1630234834e+01
-8.6964837833e-01
1.0024350709e+02
-2.2380729257e+02
-4.2875904862e+02
1.1516020023e+03
1.0102735052e+03
-1.4521542243e+03
-9.4231660720e+02
-9.8833861794e+00
-1.0372350656e+01
2.7024055815e+02
7.5107300325e+02
-1.3248772474e+03
-5.6492395224e+03
1.8705858284e+03
1.4235860069e+04
-2.9422580660e+02
-1.1813121515e+04
1.9328688530e+01
6.7080242801e+01
-5.1740109307e+02
-2.2463622776e+03
2.7223196076e+03
1.5779493735e+04
-4.6918930637e+03
-3.9652591258e+04
2.0446706968e+03
3.3447164258e+04
-1.7046001006e+01
-8.1821765148e+01
4.3413024766e+02
2.3766780998e+03
-2.2139347824e+03
-1.6427119388e+04
3.7441926496e+03
4.1309498851e+04
-1.5563193536e+03
-3.5045731137e+04
8.1298719332e+00
4.6917951797e+01
-1.9685103742e+02
-1.2685109567e+03
9.5465123259e+02
8.6998172318e+03
-1.5255723825e+03
-2.1884564554e+04
5.2781972243e+02
1.8616715334e+04
-2.1693582969e+00
-1.4286418028e+01
5.0175061360e+01
3.6787512965e+02
-2.3112241792e+02
-2.5085372872e+03
3.4643938031e+02
6.3078458596e+03
-9.0737112114e+01
-5.3727193729e+03
3.0491279291e-01
2.2330449005e+00
-6.7742440334e+00
-5.5368008053e+01
2.9788184825e+01
3.7558218435e+02
-4.2125737951e+01
-9.4352352083e+02
7.6189054687e+00
8.0401100327e+02
-1.7591876576e-02
-1.4114568282e-01
3.7732657142e-01
3.3914905660e+00
-1.5948377408e+00
-2.2888405242e+01
2.1550833968e+00
5.7422734496e+01
-2.4709570597e-01
-4.8931083820e+01
