ahi_band08B  factor=100
6.5671520792e+00
-2.5140435788e+00
3.8888275439e+00
2.0693650285e+01
-3.9848978576e+01
-1.0640240438e+02
1.5319214847e+02
3.0930030850e+02
-1.6824470326e+02
-3.1715700380e+02
-7.3541001297e-01
-8.4798165416e+00
3.6380044129e+01
2.1386562909e+02
-3.7405482180e+02
-1.4302618671e+03
1.1775090717e+03
3.7316871066e+03
-1.1561627740e+03
-3.3337197653e+03
-8.9045053587e+00
-6.2058853304e+01
2.1633390588e+02
1.4146075652e+03
-1.1724827751e+03
-9.8832740740e+03
2.5308819267e+03
2.6806014456e+04
-2.0417868855e+03
-2.4602173882e+04
3.7071048264e+01
2.3188953565e+02
-1.1143314970e+03
-5.2314269370e+03
7.8457482467e+03
3.4985124296e+04
-2.0492086847e+04
-9.2163538396e+04
1.8331909652e+04
8.3029627976e+04
-5.9590741308e+01
-2.9710082103e+02
1.9934251085e+03
6.5212070364e+03
-1.5058490107e+04
-4.1384474345e+04
4.1043429133e+04
1.0454458340e+05
-3.7593356522e+04
-9.1411764446e+04
4.9672608793e+01
1.9701683942e+02
-1.8077907696e+03
-4.0768778463e+03
1.4244197631e+04
2.3840073145e+04
-3.9910470181e+04
-5.5976773664e+04
3.7194105471e+04
4.6189766351e+04
-2.3348353556e+01
-7.3966577402e+01
9.1227494962e+02
1.3829432774e+03
-7.4136401145e+03
-6.9968133108e+03
2.1209555384e+04
1.3998413031e+04
-2.0035286427e+04
-9.8560780689e+03
6.2369345603e+00
1.5674073279e+01
-2.5900497944e+02
-2.4672009085e+02
2.1565752315e+03
8.9379592638e+02
-6.2706903410e+03
-8.8405467161e+02
5.9864420170e+03
-1.1687244980e+02
-8.8342762126e-01
-1.7251921355e+00
3.8685962718e+01
1.9491299484e+01
-3.2856984225e+02
-2.8819108599e+00
9.6779653456e+02
-2.3738842302e+02
-9.3166902034e+02
3.6584640220e+02
5.1533255797e-02
7.5207292734e-02
-2.3649549544e+00
-3.1535652031e-01
2.0423144701e+01
-6.4554785275e+00
-6.0789204920e+01
3.3283261753e+01
5.8913874667e+01
-4.0067656974e+01
