ahi_band13B  factor=100
5.4246082763e+00
8.5300631105e+00
-4.6529906648e+01
-1.2514038686e+02
2.5674471951e+02
6.2904992577e+02
-6.8371661992e+02
-1.3475594878e+03
6.4161284706e+02
1.0545619760e+03
-1.0114037932e+00
3.9820027818e+00
1.8666324241e+01
-3.8466652098e+01
-1.4255719649e+02
6.4769852597e+01
4.2531010862e+02
2.5648353768e+02
-4.2446145973e+02
-5.0744070218e+02
5.5666947268e+00
2.6228621411e+01
-1.5458792969e+02
-4.3147356982e+02
9.4989324571e+02
2.7739414645e+03
-1.8676489210e+03
-7.2493040753e+03
1.0447465720e+03
6.5120158499e+03
-1.3303774937e+00
-2.5325901917e+01
3.0013278613e+02
-1.6597243505e+02
-1.6256060963e+03
2.3691557527e+03
1.1574101810e+03
-9.1919819716e+03
2.2135335441e+03
1.0561055161e+04
-8.1552816568e+00
-8.5255175326e+01
-4.2802319543e+02
3.0367029716e+03
2.3847421505e+03
-2.2484178529e+04
-1.0586059963e+03
6.4505031121e+04
-4.6431211685e+03
-6.2441061579e+04
9.3949116416e+00
1.4444146096e+02
4.1275035097e+02
-4.2868117989e+03
-2.4664939405e+03
3.0856211818e+04
2.0982860192e+03
-8.6034958408e+04
2.9026198853e+03
8.1407558487e+04
-4.5857006106e+00
-9.3275649338e+01
-2.3029694080e+02
2.6692189942e+03
1.4339945573e+03
-1.9113212608e+04
-1.6944629858e+03
5.2782717430e+04
-7.6318953609e+02
-4.9505914150e+04
1.1597410289e+00
3.0390874133e+01
7.0730484232e+01
-8.6046105457e+02
-4.4863691463e+02
6.1564368822e+03
6.1857602674e+02
-1.6923844646e+04
6.4024069493e+01
1.5800344831e+04
-1.4905578879e-01
-4.9749764524e+00
-1.1133392374e+01
1.4034577182e+02
7.1016760581e+01
-1.0043523497e+03
-1.0577842962e+02
2.7536507199e+03
5.6362795062e+00
-2.5636773982e+03
7.6958564098e-03
3.2536490215e-01
7.0270091992e-01
-9.1689081499e+00
-4.4736563738e+00
6.5645762862e+01
6.9210873925e+00
-1.7967852146e+02
-8.8583192172e-01
1.6697555645e+02
