ahi_band12A  factor=100
2.8526587400e+00
-4.3284859502e+00
-1.4165596646e+00
9.6942402135e+01
-8.0383564340e+01
-4.8034631917e+02
2.5887339987e+02
9.3100208821e+02
-2.4005810296e+02
-6.3962386662e+02
8.7771158152e-01
5.1010551950e+00
-2.1369217771e+01
-8.7172076025e+01
1.4366108443e+02
9.3760245997e+02
-3.7180005163e+02
-3.1348446808e+03
3.3503850568e+02
3.1758395096e+03
-2.6269320189e+00
-1.8131027338e+00
4.3609071729e+01
-1.8738869617e+02
-3.0454113514e+02
2.4682772212e+03
1.0404875078e+03
-8.8784884843e+03
-1.1562759481e+03
9.3609152806e+03
1.4202204746e+00
-9.2462848654e+01
1.8119769220e+02
2.2270439151e+03
-1.5377060542e+03
-1.9303659192e+04
3.1504902005e+03
6.0367747753e+04
-1.9031094149e+03
-5.9909140447e+04
2.2705924911e+00
2.4441079755e+02
-5.0252653052e+02
-4.9570390503e+03
4.1779228809e+03
3.7950038187e+04
-9.7560442972e+03
-1.1150222034e+05
7.3132895972e+03
1.0726636372e+05
-3.8521536084e+00
-2.5148120485e+02
4.9943203478e+02
4.8196699796e+03
-4.1026840395e+03
-3.4805294743e+04
9.7878970218e+03
9.8686555280e+04
-7.5428369206e+03
-9.3115260272e+04
2.3492225974e+00
1.3255653335e+02
-2.5283709071e+02
-2.4712517998e+03
2.0467584720e+03
1.7244313577e+04
-4.8597632069e+03
-4.7761860244e+04
3.7231603964e+03
4.4465104288e+04
-7.1087329996e-01
-3.8163682482e+01
6.9890101419e+01
6.9853670167e+02
-5.5639768802e+02
-4.7600770238e+03
1.2978543389e+03
1.2959779710e+04
-9.7258474844e+02
-1.1944717864e+04
1.0713276240e-01
5.7198660420e+00
-1.0073116931e+01
-1.0307633814e+02
7.8766095545e+01
6.8963447550e+02
-1.7901029729e+02
-1.8525203846e+03
1.2968924366e+02
1.6940231909e+03
-6.4290361262e-03
-3.4969987600e-01
5.9406110284e-01
6.2072798037e+00
-4.5597253111e+00
-4.0901690499e+01
1.0036935233e+01
1.0866982436e+02
-6.9569376885e+00
-9.8742809453e+01
