ahi_band07B  factor=100
2.6759451475e+00
2.2264353031e+00
-2.0015754414e+01
-2.7273660313e+01
1.5267245389e+02
1.4945964452e+02
-5.8813242680e+02
-2.6633263116e+02
6.5215842092e+02
1.4966959294e+02
-4.5604259740e-01
2.2383038360e+00
1.3645881228e+01
-5.8833347649e+01
-1.2398848342e+02
4.7642248855e+02
3.2642151053e+02
-1.2162936776e+03
-2.7835562799e+02
1.0073698437e+03
3.4317998910e+00
-2.4382702504e+01
-1.2592927283e+02
5.0345079812e+02
7.9594655745e+02
-2.8547446761e+03
-1.6102955906e+03
6.3883489975e+03
9.3651392238e+02
-5.0755458142e+03
-5.7412722572e+00
9.1441060755e+01
2.9733726586e+02
-1.8434392327e+03
-1.3137699042e+03
1.0013385509e+04
9.6921545488e+02
-2.3801519088e+04
1.4905225326e+03
2.0639565674e+04
4.3064988343e+00
-1.5309850764e+02
-3.5797755683e+02
2.9310105490e+03
1.1506969721e+03
-1.5128533020e+04
1.2602224106e+03
3.4767082730e+04
-5.1937956321e+03
-2.9729448990e+04
-1.4625031485e+00
1.3225400502e+02
2.4482720373e+02
-2.4460474883e+03
-5.3768766615e+02
1.2070084797e+04
-2.3113558464e+03
-2.6299388072e+04
5.6107497248e+03
2.1655379487e+04
7.5855611814e-02
-6.4117517510e+01
-9.8060105601e+01
1.1601622028e+03
1.1008467802e+02
-5.5126191230e+03
1.5268382369e+03
1.1351205739e+04
-3.0903520831e+03
-8.9155135107e+03
9.0728705315e-02
1.7662362465e+01
2.2692038880e+01
-3.1480405375e+02
2.6359846605e+00
1.4475909747e+03
-5.0992304036e+02
-2.8168922080e+03
9.3172618676e+02
2.0968973918e+03
-2.4312004183e-02
-2.5831619835e+00
-2.8032883200e+00
4.5534772326e+01
-4.4740614344e+00
-2.0336017835e+02
8.5658627643e+01
3.7424991114e+02
-1.4613972228e+02
-2.6249727595e+02
1.9283898811e-03
1.5577981583e-01
1.4289158947e-01
-2.7238047002e+00
4.8458894220e-01
1.1850857108e+01
-5.7480392131e+00
-2.0655802636e+01
9.3291428013e+00
1.3573873081e+01
