ahi_band08A  factor=100
6.2754117545e-01
7.5303959830e-01
7.1987188119e+00
-3.0066850719e+01
-3.2906439254e+01
1.5287240575e+02
1.0188647663e+02
-3.1721928954e+02
-1.0279004825e+02
2.3793913108e+02
3.9467613120e-01
-4.4294964904e+00
1.6328181840e+00
1.1024208104e+02
-3.5291624778e+01
-8.4934295707e+02
1.3481733747e+02
2.3893867923e+03
-1.6399182302e+02
-2.2124077049e+03
1.6725752914e+00
-2.4160911665e+01
2.4069148540e+01
4.7012291537e+02
-4.3328455098e+02
-2.6962211359e+03
1.6027366622e+03
6.5215004326e+03
-1.7242010275e+03
-5.6113690912e+03
-1.0786626182e+01
1.1332656988e+02
-4.7814420769e+01
-2.4415241419e+03
1.2247501766e+03
1.5394090219e+04
-4.5675212999e+03
-3.9192315664e+04
4.9836462074e+03
3.4556238457e+04
1.9096113667e+01
-1.8692064979e+02
-5.5257467808e+00
4.2269066366e+03
-1.0985472283e+03
-2.7311493276e+04
4.4177429559e+03
7.0545480646e+04
-4.9483703391e+03
-6.2662072947e+04
-1.6599224336e+01
1.5902519201e+02
7.3876617930e+01
-3.6882201128e+03
1.9189620666e+02
2.4108119167e+04
-1.3221038362e+03
-6.2691204776e+04
1.6923243634e+03
5.5861127589e+04
8.0617709665e+00
-7.6398793815e+01
-6.6475874764e+01
1.7938390458e+03
2.3874120586e+02
-1.1787963540e+04
-4.3970481328e+02
3.0735281455e+04
2.8647397108e+02
-2.7408613967e+04
-2.2280813983e+00
2.0893481562e+01
2.5915868801e+01
-4.9308864124e+02
-1.4768786251e+02
3.2455310252e+03
3.8739091502e+02
-8.4646475550e+03
-3.5027986037e+02
7.5442644253e+03
3.2750653015e-01
-3.0341664587e+00
-4.7808802297e+00
7.1671248008e+01
3.2282493180e+01
-4.7140057486e+02
-9.1466346007e+01
1.2279884261e+03
8.6663344927e+01
-1.0929462811e+03
-1.9871810117e-02
1.8167538431e-01
3.4128342498e-01
-4.2839326978e+00
-2.5205643830e+00
2.8111370531e+01
7.3948057433e+00
-7.3068946158e+01
-7.1411393905e+00
6.4906832382e+01
