ahi_band15B  factor=100
7.0846452551e+00
9.7795996481e+00
-4.8460146346e+01
-1.1807045310e+02
2.3836057406e+02
4.7817505959e+02
-6.2489063666e+02
-8.2653822023e+02
5.9342446755e+02
5.2955728478e+02
-2.5100046280e-01
4.3777544071e+00
5.0976147700e+00
-3.3494720646e+01
-6.9367866603e+01
-9.7708275793e+01
2.8365099909e+02
1.0098072063e+03
-3.3926725502e+02
-1.4102208087e+03
5.4494719633e+00
2.1909478017e+01
-1.4196728927e+02
-3.5962672414e+02
6.5914058021e+02
2.2776884460e+03
-3.9871599058e+02
-5.8440675244e+03
-8.9221798466e+02
5.1807593088e+03
-8.7576804458e+00
-5.3018328524e+01
4.5161193849e+02
5.0762631476e+02
-1.8914455141e+03
-1.7199217849e+03
-8.5761266721e+02
-5.7125916310e+02
6.4943129445e+03
4.4698973486e+03
8.1479096546e+00
-7.1339977868e+00
-7.8318621454e+02
1.2143603703e+03
3.5513384239e+03
-1.0887243914e+04
2.2017908686e+02
3.7786278384e+04
-9.7666827402e+03
-4.1452682746e+04
-5.8797392397e+00
6.2612913393e+01
7.4352948272e+02
-2.4629082722e+03
-3.6208982199e+03
1.9222954409e+04
1.4653842604e+03
-5.8756674793e+04
6.8061937309e+03
5.9524781654e+04
2.9893522048e+00
-4.8977424603e+01
-3.8967926322e+02
1.7279322545e+03
1.9750545363e+03
-1.3163509302e+04
-1.3710995312e+03
3.8792631698e+04
-2.6285040523e+03
-3.8216779069e+04
-9.1565867838e-01
1.7202866687e+01
1.1265489603e+02
-5.9235287494e+02
-5.8184987211e+02
4.4822608618e+03
4.9861892669e+02
-1.2994749018e+04
5.9284336004e+02
1.2626251556e+04
1.4794438938e-01
-2.9246453811e+00
-1.6846501063e+01
1.0024651481e+02
8.7515360062e+01
-7.5701365582e+02
-8.2353678744e+01
2.1750802125e+03
-7.4881530261e+01
-2.0964943555e+03
-9.6464448239e-03
1.9520604926e-01
1.0181780114e+00
-6.7065927473e+00
-5.2744042260e+00
5.0627966470e+01
5.1362616712e+00
-1.4466601049e+02
4.1661564942e+00
1.3872569511e+02
