ahi_band16B  factor=100
8.7933560114e+00
5.8634959302e+00
-3.3733244202e+01
-1.6470898029e+00
1.2579349671e+02
-8.1365721920e+01
-4.7358491131e+02
2.3406366568e+02
5.6099014434e+02
-1.8883563096e+02
5.5167899677e-01
6.5388517837e+00
-2.2761276629e+01
-1.3649474143e+02
1.6852029657e+02
1.0067202336e+03
-4.6104519520e+02
-2.5951644428e+03
4.0067005673e+02
2.1803822788e+03
4.1869132109e+00
-3.6553125723e+00
-1.1028482651e+02
-7.9749036654e+01
1.7268210944e+02
1.3496386671e+03
1.2090152256e+03
-4.9107515347e+03
-2.4736792767e+03
5.1152054438e+03
-1.5498196372e+01
-4.5455917517e+01
6.3612972346e+02
1.1974068538e+03
-2.1255089206e+03
-1.0554370469e+04
-1.6535090667e+03
2.9835944943e+04
7.9704994105e+03
-2.6606744819e+04
2.4451580537e+01
8.0595032739e+01
-1.1397622889e+03
-1.9424412638e+03
4.3884564454e+03
1.6736423164e+04
4.1933225527e+02
-4.6465912610e+04
-1.1460690443e+04
4.0520565509e+04
-2.0839107762e+01
-6.4219379727e+01
1.0016539855e+03
1.3679172091e+03
-4.0569365892e+03
-1.1995872113e+04
5.7927579146e+02
3.3531379231e+04
8.9976949911e+03
-2.9011355152e+04
1.0126650633e+01
2.8261664668e+01
-4.8369989559e+02
-4.9098045436e+02
1.9897368481e+03
4.4855130617e+03
-4.5930273109e+02
-1.2772404635e+04
-4.1334544445e+03
1.0989045118e+04
-2.7963281457e+00
-7.0315795854e+00
1.3077970418e+02
8.9146937013e+01
-5.3719520456e+02
-8.8273413998e+02
1.3148506059e+02
2.6016837914e+03
1.1089075449e+03
-2.2254652596e+03
4.0787559482e-01
9.2634384073e-01
-1.8569303760e+01
-6.8115738164e+00
7.5398188869e+01
8.1690606698e+01
-1.5871689864e+01
-2.5797613888e+02
-1.6104541803e+02
2.1897508375e+02
-2.4383442516e-02
-5.0329017582e-02
1.0784915844e+00
7.0090512559e-02
-4.2960897892e+00
-2.3380424087e+00
5.8779031344e-01
8.8917830251e+00
9.7881533706e+00
-7.4370351133e+00
