ahi_band11A  factor=100
2.4234566601e+00
8.6372363115e-01
-6.1805451839e+00
3.2463133918e+01
4.3855298226e+00
-2.0283585575e+02
-5.9299652633e+01
4.3141655995e+02
9.9484865572e+01
-3.1213594611e+02
5.4037595548e-01
3.2420026905e+00
-2.3695125721e+01
-8.0589894115e+01
2.1272512436e+02
6.2115934460e+02
-6.3917403290e+02
-1.7207049701e+03
6.0856166055e+02
1.5553181640e+03
7.2854568614e-01
6.5053665483e+00
-1.3838389904e+01
-2.2899278103e+02
-1.6937640540e+02
1.7532145808e+03
1.0424474345e+03
-4.9072195708e+03
-1.3587412300e+03
4.5458770846e+03
-7.4016030935e+00
-6.5918315017e+01
2.8696773469e+02
1.6221254902e+03
-1.3071473034e+03
-1.1304964139e+04
1.4593873006e+03
2.9695460904e+04
3.4858051088e+02
-2.6246487079e+04
1.4297450487e+01
1.2745652360e+02
-5.6340833962e+02
-2.9946890497e+03
2.9957654746e+03
2.0321900361e+04
-4.8819975698e+03
-5.2427350327e+04
1.6774633860e+03
4.5721426695e+04
-1.2915373864e+01
-1.1584714431e+02
4.9913041168e+02
2.6287975801e+03
-2.7603030714e+03
-1.7587498400e+04
4.8602350673e+03
4.4970293393e+04
-2.1094081549e+03
-3.8949495198e+04
6.3416442077e+00
5.7558273684e+01
-2.3922956232e+02
-1.2611535497e+03
1.3424285507e+03
8.3482422188e+03
-2.4472847428e+03
-2.1217185445e+04
1.1520893514e+03
1.8289186450e+04
-1.7391880632e+00
-1.6041799143e+01
6.4149803988e+01
3.3958129391e+02
-3.6268013610e+02
-2.2264877103e+03
6.7666627893e+02
5.6306997056e+03
-3.3430299941e+02
-4.8349621715e+03
2.5044260328e-01
2.3557907410e+00
-9.0596325781e+00
-4.8227631425e+01
5.1495384259e+01
3.1326041456e+02
-9.7904059617e+01
-7.8867001047e+02
5.0175408141e+01
6.7491998899e+02
-1.4756727432e-02
-1.4199362916e-01
5.2511337782e-01
2.8135590088e+00
-2.9984339532e+00
-1.8101248934e+01
5.7943774390e+00
4.5374299637e+01
-3.0599783677e+00
-3.8707775435e+01
