ahi_band10B  factor=100
6.8818705086e+00
-2.4871946019e+00
-1.3522292183e+01
6.5407669949e+01
1.5108341790e+02
-1.7247736661e+02
-7.5855219964e+02
9.9594835414e+01
8.9743034625e+02
7.1860839060e+01
-2.1343696954e-01
1.1576839471e+01
1.1495841882e+01
-3.3742937191e+02
-1.9544541467e+02
2.9011704232e+03
6.1583770131e+02
-8.5854311725e+03
-5.3711408915e+02
8.1741037235e+03
5.5786245689e-01
5.6437222549e+01
-1.2220557789e+02
-1.2020300204e+03
9.6267564074e+02
8.5286097476e+03
-2.9061141385e+03
-2.4380932613e+04
2.9376107972e+03
2.3322819998e+04
-1.7340550665e+00
-2.8659859196e+02
3.7134144841e+02
6.1157933650e+03
-1.4107424593e+03
-4.4715615196e+04
1.8109519721e+03
1.2772798493e+05
-9.8778750122e+02
-1.2139191212e+05
3.8673873813e+00
4.8003708848e+02
-5.5624589373e+02
-1.0260597136e+04
1.6665152359e+03
7.4652902474e+04
2.1718981408e+02
-2.1335418658e+05
-2.5375734768e+03
2.0295043411e+05
-3.9117791551e+00
-4.0603861444e+02
4.4102687211e+02
8.7406536106e+03
-1.3422826087e+03
-6.3284669884e+04
-6.4028701122e+02
1.8101382063e+05
3.0011714251e+03
-1.7237430959e+05
1.9529251841e+00
1.9258746102e+02
-1.9490805636e+02
-4.1762080593e+03
6.2028473968e+02
3.0132116910e+04
3.5839409369e+02
-8.6269303617e+04
-1.5703121366e+03
8.2228549576e+04
-5.0530593324e-01
-5.1913017064e+01
4.8310133034e+01
1.1322051379e+03
-1.5566024498e+02
-8.1491625911e+03
-1.2535783094e+02
2.3358822888e+04
4.6483491718e+02
-2.2285813030e+04
6.4600210833e-02
7.4312059656e+00
-6.2817663667e+00
-1.6267060970e+02
1.9524329892e+01
1.1687299415e+03
2.5652390461e+01
-3.3547573052e+03
-7.5393903012e+01
3.2039692705e+03
-3.1859475008e-03
-4.3879528203e-01
3.3359362924e-01
9.6206517178e+00
-9.3960467946e-01
-6.9019872685e+01
-2.1651230281e+00
1.9842540928e+02
5.1599639545e+00
-1.8971921668e+02
