ahi_band07A  factor=100
1.9376685513e+00
1.6335150580e+00
-1.0721417598e+01
-1.4445798675e+00
3.8205695608e+01
1.7016151127e+01
-1.1913706382e+02
-1.1052522122e+02
1.3178887724e+02
1.4823438592e+02
9.5380712640e-02
2.0445664363e+00
-7.1242684896e+00
-4.4129792967e+01
6.4106865869e+01
3.5771032503e+02
-1.9121991776e+02
-1.0319975037e+03
1.7984827402e+02
9.5647662609e+02
5.9043288217e-01
1.2999384789e+01
-9.6667680482e+00
-2.9818704038e+02
-7.5840179045e+01
2.1483176752e+03
5.0837980734e+02
-5.9580045761e+03
-6.9228560626e+02
5.5376483552e+03
-1.3145760908e+00
-5.4032705932e+01
1.0564407996e+02
1.0879948088e+03
-2.7510151144e+02
-7.8079922704e+03
-6.5056439498e+02
2.1663692935e+04
1.7754558738e+03
-1.9991379554e+04
1.9841769096e+00
7.3599857159e+01
-2.2838254874e+02
-1.3608883511e+03
9.7569375209e+02
9.6420672402e+03
-3.1438190099e+02
-2.6767441628e+04
-1.8004032005e+03
2.4597270330e+04
-2.0604939983e+00
-5.2455135209e+01
2.2736102866e+02
8.5077289473e+02
-1.1398348211e+03
-5.8785140538e+03
1.1424524272e+03
1.6316505845e+04
7.6454803143e+02
-1.4913516697e+04
1.2301232970e+00
2.1513931540e+01
-1.2031555700e+02
-2.8712120355e+02
6.4986100856e+02
1.8974568488e+03
-8.5266940768e+02
-5.2671184177e+03
-8.5637563557e+01
4.7771965160e+03
-4.0003999280e-01
-5.0803191772e+00
3.4901577939e+01
5.0612463203e+01
-1.9607320189e+02
-3.0617002862e+02
2.9011604040e+02
8.5241411296e+02
-3.1657386642e+01
-7.6293011017e+02
6.6126492600e-02
6.4071662686e-01
-5.2425220987e+00
-3.8776973152e+00
3.0081633828e+01
1.8046823811e+01
-4.7361748888e+01
-5.1163858312e+01
9.8744068675e+00
4.4005073954e+01
-4.3555727246e-03
-3.3418048069e-02
3.1902285074e-01
5.1006358220e-02
-1.8492877527e+00
2.9535230235e-01
3.0052807275e+00
-6.9938194855e-01
-7.7301260285e-01
8.0809766669e-01
