ahi_band13A  factor=100
1.0227673241e+00
5.5315900742e-01
-2.2896361978e+00
3.0098067489e+01
-2.1824180023e+01
-2.1661656922e+02
4.5661027683e+01
5.3204995861e+02
-1.9122988243e+01
-4.4136253025e+02
5.9630337772e-01
1.4738143817e+00
-2.0808503409e+01
-3.5603262432e+01
1.7406563479e+02
2.8355810642e+02
-5.1021302525e+02
-7.8010696390e+02
4.8018306654e+02
6.8919649809e+02
1.1735057235e-01
-2.8253077804e+00
1.8620128505e+01
-2.1722481912e+01
-3.7273657521e+02
2.6985029384e+02
1.5331350929e+03
-7.5768005075e+02
-1.7823239813e+03
6.4938039302e+02
-6.4520331743e+00
-3.0755310214e+01
1.5111934240e+02
8.9806195531e+02
-2.8137110025e+02
-6.3395214376e+03
-1.1604553342e+03
1.6122548779e+04
2.5653396400e+03
-1.3720982886e+04
1.3339693909e+01
8.3230017582e+01
-3.4070763880e+02
-2.1267724693e+03
1.1626334280e+03
1.4681331237e+04
-2.9511625483e+01
-3.7418704351e+04
-2.4665425330e+03
3.2134125352e+04
-1.2128094527e+01
-8.6990423959e+01
3.0771319259e+02
2.0932908449e+03
-1.0991398342e+03
-1.4345850552e+04
3.2314897710e+02
3.6685571262e+04
1.8366944868e+03
-3.1680595422e+04
5.9073860655e+00
4.6884397997e+01
-1.4612309617e+02
-1.0779774965e+03
5.0622873381e+02
7.3511492179e+03
-1.0685174911e+02
-1.8839785441e+04
-9.1784062077e+02
1.6325832437e+04
-1.6009443316e+00
-1.3822031207e+01
3.8412454909e+01
3.0585449054e+02
-1.2610419669e+02
-2.0759800177e+03
2.4093663999e+00
5.3267784726e+03
2.6978883454e+02
-4.6263128015e+03
2.2765420466e-01
2.1188841460e+00
-5.2914420906e+00
-4.5345873296e+01
1.6297452022e+01
3.0629178767e+02
3.7274579697e+00
-7.8628312450e+02
-4.1732622246e+01
6.8390014488e+02
-1.3249560019e-02
-1.3225062296e-01
2.9821794711e-01
2.7468430338e+00
-8.5530195729e-01
-1.8458999479e+01
-4.5027576776e-01
4.7382321035e+01
2.6233391903e+00
-4.1252978358e+01
