ahi_band09A  factor=100
1.3206762171e+00
2.4445675140e-01
6.5754742798e+00
-2.3142735911e+01
-4.9362376264e+01
1.0404608899e+02
2.0225347606e+02
-1.8509310273e+02
-2.2603950909e+02
1.1815865016e+02
2.2331252063e-01
-7.2038153749e+00
3.8430045337e+00
1.9261679488e+02
-5.2486720509e+01
-1.4790838988e+03
2.1015134059e+02
4.1499270694e+03
-2.5758526884e+02
-3.8486344099e+03
-2.1329628955e+00
-5.0408113462e+01
9.1248750387e+01
1.0489809818e+03
-7.3270484081e+02
-6.6862841727e+03
2.2120970398e+03
1.7264235244e+04
-2.2091537961e+03
-1.5452390456e+04
4.1649477523e+00
2.0988423731e+02
-3.0358360985e+02
-4.5874913720e+03
2.3701361134e+03
3.0245145663e+04
-6.8837567834e+03
-7.9072316909e+04
6.7992855686e+03
7.1001566252e+04
-4.4788072712e+00
-3.1599140302e+02
4.5360653117e+02
7.0517221078e+03
-3.5423526908e+03
-4.6806156288e+04
1.0061236452e+04
1.2287283642e+05
-9.7374282398e+03
-1.1048769061e+05
2.7510568718e+00
2.4958301826e+02
-3.6311576281e+02
-5.6118754152e+03
2.8828135422e+03
3.7293690375e+04
-8.1750393545e+03
-9.8080641508e+04
7.8440897334e+03
8.8222677833e+04
-8.9025821462e-01
-1.1280329353e+02
1.6426772839e+02
2.5341053645e+03
-1.3331355914e+03
-1.6807586958e+04
3.8102853813e+03
4.4203555005e+04
-3.6556350616e+03
-3.9729643448e+04
1.2365537928e-01
2.9300173158e+01
-4.1971008246e+01
-6.5420642593e+02
3.4861846327e+02
4.3210434973e+03
-1.0071698140e+03
-1.1348142532e+04
9.7011449515e+02
1.0182479122e+04
5.7619007066e-05
-4.0699650105e+00
5.6379630009e+00
9.0003343149e+01
-4.7914008473e+01
-5.9097565680e+02
1.3993630423e+02
1.5480385202e+03
-1.3553283407e+02
-1.3856611253e+03
-1.0972714608e-03
2.3439519041e-01
-3.0901375556e-01
-5.1203928039e+00
2.6849300099e+00
3.3373292874e+01
-7.9196601102e+00
-8.7103669162e+01
7.7159835013e+00
7.7725659113e+01
