ahi_band10A  factor=100
2.7887541803e+00
-8.1519485942e-01
7.5042951677e+00
-7.8191023310e+00
-6.4918042480e+01
-8.3622555402e+00
2.8514921427e+02
1.5423872858e+02
-3.2783088100e+02
-2.1767984210e+02
-3.9621096549e-01
-7.2367984277e+00
2.0828288036e+01
1.9007576048e+02
-1.8343799118e+02
-1.4286863609e+03
5.4835251756e+02
3.9773654958e+03
-5.3636623041e+02
-3.6703089842e+03
-4.0888850579e+00
-3.8930901011e+01
1.5358338114e+02
9.0841230291e+02
-1.0003524766e+03
-6.5719725318e+03
2.5027994818e+03
1.8508993443e+04
-2.2300727620e+03
-1.7418228308e+04
1.7903553865e+01
1.6795338410e+02
-7.7355918115e+02
-3.7813678207e+03
5.5327163509e+03
2.6519379594e+04
-1.4312463994e+04
-7.3108878176e+04
1.2702467457e+04
6.7803793682e+04
-2.9672817469e+01
-2.4131772662e+02
1.3505430614e+03
5.2708118322e+03
-1.0097870721e+04
-3.5578346367e+04
2.6634267360e+04
9.5917219428e+04
-2.3759004532e+04
-8.7716429698e+04
2.5291206517e+01
1.7945013887e+02
-1.1908799502e+03
-3.7691200781e+03
9.2053068638e+03
2.4322864720e+04
-2.4772497602e+04
-6.3784706125e+04
2.2343656131e+04
5.7282770338e+04
-1.2085336886e+01
-7.6082246908e+01
5.8529321271e+02
1.5211033565e+03
-4.6435436735e+03
-9.3004159348e+03
1.2720026583e+04
2.3543330206e+04
-1.1603887503e+04
-2.0633037121e+04
3.2686325274e+00
1.8494773285e+01
-1.6239240986e+02
-3.4805634105e+02
1.3151813764e+03
1.9885891740e+03
-3.6554345181e+03
-4.7980170677e+03
3.3675767877e+03
4.0580641358e+03
-4.6747641385e-01
-2.3981956020e+00
2.3788517923e+01
4.1900467902e+01
-1.9585518289e+02
-2.1864235223e+02
5.5070098394e+02
4.9083331712e+02
-5.1141557313e+02
-3.9130559826e+02
2.7482594668e-02
1.2856471285e-01
-1.4308097287e+00
-2.0473823808e+00
1.1937726857e+01
9.3676532461e+00
-3.3874162939e+01
-1.8528191120e+01
3.1660051033e+01
1.3034406131e+01
