ahi_band12B  factor=100
1.5272850711e+01
1.0210191426e+01
-2.9060996592e+01
-1.1189028897e+02
2.1779307086e+02
5.8513589675e+02
-8.7497406744e+02
-1.2815104921e+03
9.9429694022e+02
1.0073932176e+03
-1.3123845522e+00
-5.4779351871e-01
3.0935098582e+01
-3.1876320359e+01
-2.7029587021e+02
1.4089277855e+02
7.7524329973e+02
5.3457199328e+01
-7.4231374309e+02
-4.0334360896e+02
6.4034917823e+00
-1.4557291985e+01
-1.5532045577e+02
4.5793810156e+02
3.9666131547e+02
-3.0008814732e+03
5.7578695252e+02
7.3432528510e+03
-1.8057328374e+03
-6.2054982795e+03
-9.2694970186e+00
1.2207446966e+02
1.6478249458e+02
-2.9978724999e+03
2.5988646263e+03
1.9352500238e+04
-1.5584266878e+04
-5.0496600448e+04
2.1074832499e+04
4.5873146531e+04
8.1812239682e+00
-3.0540210050e+02
-2.2507075470e+01
6.5037920104e+03
-6.1590575023e+03
-3.9764181128e+04
3.1343432214e+04
9.9406903616e+04
-4.0739142296e+04
-8.7834099786e+04
-4.8423716701e+00
3.1766011631e+02
-7.4373225319e+01
-6.4561142632e+03
5.8189507270e+03
3.8313793423e+04
-2.8137925911e+04
-9.2654081474e+04
3.6156372784e+04
7.9830730515e+04
1.9189850975e+00
-1.7009549530e+02
6.0529729500e+01
3.4053802752e+03
-2.9098629775e+03
-1.9846432034e+04
1.3655991469e+04
4.6828746517e+04
-1.7435292312e+04
-3.9540903083e+04
-4.8154097658e-01
4.9735277915e+01
-2.1209765822e+01
-9.9072294023e+02
8.1169818922e+02
5.6988651259e+03
-3.7186393149e+03
-1.3184629809e+04
4.7212551542e+03
1.0945892293e+04
6.7879541120e-02
-7.5633324299e+00
3.6443179213e+00
1.5032647348e+02
-1.1963599147e+02
-8.5556728209e+02
5.3599229503e+02
1.9466612524e+03
-6.7649581335e+02
-1.5924416600e+03
-4.0411362757e-03
4.6867158366e-01
-2.5008495126e-01
-9.2998362100e+00
7.2760480001e+00
5.2447244345e+01
-3.1901387017e+01
-1.1761078769e+02
4.0003600895e+01
9.4953866779e+01
