ahi_band09B  factor=100
6.9451344227e+00
-3.3558984371e+00
-4.0649096388e+00
5.7301440251e+01
3.0857866457e+01
-2.5979305439e+02
-1.6681049695e+02
5.7448150624e+02
2.0011026327e+02
-4.8660731295e+02
-1.1862308517e+00
1.4399788652e+00
3.9811009419e+01
-6.5423364906e+01
-3.9829868676e+02
7.8084327594e+02
1.1849815910e+03
-2.5474767385e+03
-1.0847452381e+03
2.5245633339e+03
-5.6431299968e+00
1.1571363250e+01
9.7345538920e+01
-9.2338920913e+01
-2.5550845341e+02
-4.3574575855e+02
-2.6172230734e+02
2.7240733258e+03
7.6822800986e+02
-3.2046572284e+03
3.1280889329e+01
-7.5260572064e+01
-8.1743971297e+02
1.4805297285e+03
6.0344584144e+03
-9.4051671391e+03
-1.5615983232e+04
2.3779657444e+04
1.3503227267e+04
-2.1041279111e+04
-5.3838966881e+01
1.7188555303e+02
1.5921444011e+03
-4.0300422695e+03
-1.2818701601e+04
2.9639854384e+04
3.5654283620e+04
-8.3277309575e+04
-3.2625528364e+04
7.8338542768e+04
4.6460006814e+01
-1.7851308178e+02
-1.4973081753e+03
4.4996071684e+03
1.2477335473e+04
-3.4465769864e+04
-3.5750614864e+04
9.9559058511e+04
3.3524782849e+04
-9.5071641338e+04
-2.2492493149e+01
9.7864319425e+01
7.7483765473e+02
-2.5662837925e+03
-6.5908419388e+03
2.0002056855e+04
1.9228656011e+04
-5.8449981962e+04
-1.8301919273e+04
5.6152393955e+04
6.1935875229e+00
-2.9464665438e+01
-2.2484831020e+02
7.9169759527e+02
1.9412525160e+03
-6.2252113907e+03
-5.7364435628e+03
1.8293760428e+04
5.5158474745e+03
-1.7623612741e+04
-9.0567481029e-01
4.6111618982e+00
3.4279648985e+01
-1.2589326038e+02
-2.9951669730e+02
9.9461041476e+02
8.9379468088e+02
-2.9310790129e+03
-8.6585787998e+02
2.8273180250e+03
5.4588403002e-02
-2.9333786359e-01
-2.1369975565e+00
8.0962842603e+00
1.8863090973e+01
-6.4123664269e+01
-5.6736590970e+01
1.8921427652e+02
5.5279953279e+01
-1.8260070553e+02
