ahi_band15A  factor=100
4.9605360764e-01
-1.8259896484e+00
8.4913359330e+00
7.6646711164e+01
-8.3767275400e+01
-4.1754597930e+02
1.6407755155e+02
8.5807636280e+02
-9.8170382660e+01
-6.1717707208e+02
7.2386637409e-01
2.9257445872e+00
-3.2127199404e+01
-9.4392207528e+01
3.0724015923e+02
8.0003220418e+02
-9.5614181817e+02
-2.3436670336e+03
9.3411534120e+02
2.2024472233e+03
8.7757318526e-01
-1.1066160371e+01
-3.5376845814e+01
2.3774069239e+01
4.0295778966e+01
4.0525866226e+02
3.2109955640e+02
-1.8247720428e+03
-5.5501439364e+02
1.9908080653e+03
-1.1172731234e+01
-2.3401374370e+01
4.2413779944e+02
1.2296299323e+03
-2.6838723081e+03
-1.0018487667e+04
6.2368762769e+03
2.8220395150e+04
-4.8972675863e+03
-2.5890099219e+04
2.1167637848e+01
9.5961936574e+01
-7.4077016709e+02
-3.1449988433e+03
4.8898842367e+03
2.3200232835e+04
-1.1880179290e+04
-6.2398485460e+04
9.6619656646e+03
5.5868305128e+04
-1.8425568857e+01
-1.0913378166e+02
5.9909352506e+02
3.2185910055e+03
-3.9627383600e+03
-2.3079028479e+04
9.7553928958e+03
6.1134192341e+04
-8.0020574688e+03
-5.4273581713e+04
8.7283366465e+00
6.0397227318e+01
-2.6697481524e+02
-1.6992210005e+03
1.7585597251e+03
1.2050958019e+04
-4.3769215927e+03
-3.1719127602e+04
3.6195800056e+03
2.8058094135e+04
-2.3211109471e+00
-1.7923773201e+01
6.7691854151e+01
4.9003889393e+02
-4.4500522278e+02
-3.4565838963e+03
1.1229226013e+03
9.0692934934e+03
-9.3943318871e+02
-8.0087639225e+03
3.2589632243e-01
2.7410876619e+00
-9.1776584502e+00
-7.3401434253e+01
6.0489118135e+01
5.1600957072e+02
-1.5523351123e+02
-1.3514755925e+03
1.3179572380e+02
1.1924515346e+03
-1.8818531886e-02
-1.6982161354e-01
5.1746360500e-01
4.4719170273e+00
-3.4347019286e+00
-3.1358388266e+01
8.9822127679e+00
8.2040410541e+01
-7.7525946288e+00
-7.2362549785e+01
