ahi_band14B  factor=100
6.0984853899e+00
1.0093014474e+01
-5.3577935569e+01
-1.4317292857e+02
2.8327397280e+02
6.9360087819e+02
-7.1248412939e+02
-1.4512262891e+03
6.4652534352e+02
1.1184555816e+03
-9.0276911349e-01
4.6180451060e+00
1.4104477121e+01
-3.9289064787e+01
-1.0878339301e+02
8.8235813682e+00
3.4727651579e+02
4.9800384221e+02
-3.6612171280e+02
-7.7566359234e+02
5.6194425663e+00
3.8598787597e+01
-1.3584734260e+02
-6.4874998945e+02
7.5089960147e+02
3.9935463576e+03
-1.1840455679e+03
-1.0044818546e+04
3.0779792688e+02
8.7917539137e+03
-1.9207397015e+00
-6.8984204874e+01
2.9145521059e+02
5.6646185840e+02
-1.4025933489e+03
-1.4985797617e+03
1.4142970668e+01
-7.6120329267e+02
3.7202935424e+03
3.9734789751e+03
-6.6342444123e+00
-2.8574630829e+01
-4.8226733632e+02
2.1725695862e+03
2.5560128789e+03
-1.8385769366e+04
-6.5474055646e+02
5.6589497871e+04
-5.7666442092e+03
-5.6984649750e+04
7.6667986105e+00
1.0452933180e+02
5.0038797811e+02
-3.7868679265e+03
-2.9228020077e+03
2.9047809843e+04
2.5911267015e+03
-8.3867960822e+04
3.0970953188e+03
8.0965400188e+04
-3.5893470924e+00
-7.6659140488e+01
-2.8620773895e+02
2.5178306813e+03
1.7545994941e+03
-1.8912482914e+04
-2.2034536945e+03
5.3601795692e+04
-6.0844033710e+02
-5.1023541506e+04
8.5385611758e-01
2.6316798072e+01
8.8506931140e+01
-8.3831944240e+02
-5.5436351645e+02
6.2521122618e+03
8.0658100916e+02
-1.7574258021e+04
-2.3260245181e+01
1.6615492192e+04
-1.0130772117e-01
-4.4307644231e+00
-1.3934850750e+01
1.3937889736e+02
8.7951470337e+01
-1.0363826154e+03
-1.3744248078e+02
2.9002079959e+03
2.2425947615e+01
-2.7313292839e+03
4.7131955841e-03
2.9474901352e-01
8.7730914049e-01
-9.2201991763e+00
-5.5363338876e+00
6.8470509028e+01
8.9583181664e+00
-1.9109463220e+02
-2.0317214454e+00
1.7953023533e+02
