ahi_band16A  factor=100
3.7674567309e+00
-3.3689037378e+00
1.3168664085e+01
4.5151090729e+01
-4.9615344044e+01
-1.7642145618e+02
5.0379509693e+01
2.9455134349e+02
-5.8338099369e+00
-1.8344795117e+02
3.9776666728e-02
-1.0421414502e+00
4.6726614138e+00
8.8737104819e-01
-4.3760042108e+01
1.1730680868e+02
1.0965863968e+02
-5.2925043151e+02
-8.4852408539e+01
6.0465625454e+02
-2.0069808975e+00
-1.5854082425e+01
3.1979205025e+01
2.9530958103e+02
-1.6597424022e+02
-1.6492549702e+03
2.0607279972e+02
3.6561145810e+03
3.6755853785e+01
-2.8643529426e+03
3.8429083703e+00
3.6875732166e+01
-1.3825141765e+02
-6.5344452943e+02
9.6957786617e+02
2.9539153912e+03
-1.9261378566e+03
-4.5283279073e+03
9.6941688627e+02
1.8959197803e+03
-3.9674392992e+00
-1.7611847099e+01
2.7182550281e+02
1.4410941037e+02
-1.9639087849e+03
1.2697657242e+03
4.2606725772e+03
-8.7664826677e+03
-2.6882055320e+03
1.1675566715e+04
2.7813866117e+00
-8.7082766684e+00
-2.7594819672e+02
4.9320704898e+02
1.9764381256e+03
-5.3622355832e+03
-4.4422387092e+03
1.9007479768e+04
3.0702010346e+03
-2.0531259135e+04
-1.3037758927e+00
1.1811603926e+01
1.5117890887e+02
-4.6725440314e+02
-1.0708334227e+03
4.2445700607e+03
2.4522714081e+03
-1.3701693272e+04
-1.7789532683e+03
1.4082927212e+04
3.7364564166e-01
-4.7411472817e+00
-4.5225226925e+01
1.7821812785e+02
3.1748011176e+02
-1.5361545483e+03
-7.3565482541e+02
4.7871408226e+03
5.4976941415e+02
-4.8168758946e+03
-5.7870217056e-02
8.5684728468e-01
6.9606051090e+00
-3.1882983480e+01
-4.8525099216e+01
2.6860143814e+02
1.1338350407e+02
-8.2249011919e+02
-8.6463687576e+01
8.1829886376e+02
3.6796306100e-03
-5.9258336637e-02
-4.3155040638e-01
2.2076364648e+00
2.9920283390e+00
-1.8382474485e+01
-7.0364727583e+00
5.5731628266e+01
5.4460660862e+00
-5.5077329492e+01
