ahi_band11B  factor=100
5.3585193937e+00
6.8372574172e+00
-3.8540712207e+01
-8.7235220043e+01
2.1133844713e+02
4.2577957645e+02
-6.1478899586e+02
-8.9392931863e+02
6.1184702552e+02
6.8988708529e+02
-6.9141381859e-01
3.6902150180e+00
1.2178679409e+01
-4.8989283245e+01
-8.8406644028e+01
1.9093697754e+02
2.5187488208e+02
-1.2543178480e+02
-2.4911608190e+02
-1.5592750365e+02
4.8385693240e+00
9.5058750666e+00
-1.4524055995e+02
-1.3866745811e+02
8.0375798090e+02
1.0607614061e+03
-1.2659109634e+03
-3.1839047335e+03
3.4630786283e+02
3.1128785904e+03
-3.4928826696e+00
5.8724698663e+00
3.4642574434e+02
-5.6055149116e+02
-1.6466223492e+03
4.1015516186e+03
5.7299279116e+02
-1.2583241258e+04
3.2151124228e+03
1.3047569968e+04
-2.3866388264e+00
-9.3948017112e+01
-4.9638348314e+02
2.7465990128e+03
2.3398060244e+03
-1.9125321315e+04
4.0725805448e+01
5.4073662776e+04
-6.3644881419e+03
-5.2335761546e+04
4.0763204129e+00
1.2912103837e+02
4.3662822928e+02
-3.5045949440e+03
-2.1546476986e+03
2.4332629529e+04
4.4794268850e+02
-6.7463506978e+04
4.9998592315e+03
6.4060178088e+04
-2.0829734000e+00
-7.8563768192e+01
-2.2403115211e+02
2.1112813923e+03
1.1464477133e+03
-1.4696934405e+04
-5.3981801631e+02
4.0407281803e+04
-2.0913200072e+03
-3.8018790376e+04
5.1430952445e-01
2.4893572515e+01
6.4761246686e+01
-6.7031262654e+02
-3.3776538036e+02
4.6791783709e+03
2.1918560754e+02
-1.2804106107e+04
5.0044700402e+02
1.1981615914e+04
-6.2107114728e-02
-4.0098349448e+00
-9.7621049026e+00
1.0842419604e+02
5.1203834082e+01
-7.5850128077e+02
-3.8350035554e+01
2.0690462526e+03
-6.5837166292e+01
-1.9290367148e+03
2.9032044329e-03
2.5951703384e-01
5.9674383321e-01
-7.0482239005e+00
-3.1178155372e+00
4.9386441363e+01
2.4656473880e+00
-1.3440793025e+02
3.7428258769e+00
1.2498063112e+02
