seviri_band09B  factor=100
5.6973062817e+00
9.3322934673e+00
-5.0396625980e+01
-1.3539034826e+02
2.7301597932e+02
6.7353031781e+02
-7.0600316524e+02
-1.4367271091e+03
6.5094580176e+02
1.1226492831e+03
-1.0077834371e+00
4.3248934288e+00
1.7313799384e+01
-3.9538030027e+01
-1.3047716716e+02
4.6277807041e+01
3.9524601747e+02
3.3791524439e+02
-4.0038184033e+02
-5.9602888398e+02
5.6443453454e+00
3.3060875773e+01
-1.4676539462e+02
-5.5105832186e+02
8.7046613316e+02
3.4497722072e+03
-1.6121895109e+03
-8.8172464126e+03
7.8389922948e+02
7.8067858222e+03
-1.1704731946e+00
-4.6691715660e+01
2.8763335481e+02
1.7092967014e+02
-1.4979645880e+03
6.6608323099e+02
6.7943928217e+02
-5.5494316492e+03
2.7565738506e+03
7.7306852997e+03
-8.4863217509e+00
-6.0519882937e+01
-4.3502877923e+02
2.7198097809e+03
2.3993688749e+03
-2.1279521350e+04
-8.8925823810e+02
6.2719466268e+04
-4.9714369147e+03
-6.1581524635e+04
9.5641043064e+00
1.2899212560e+02
4.3822011358e+02
-4.1668605789e+03
-2.6276350678e+03
3.0889008891e+04
2.3530251068e+03
-8.7379371701e+04
2.8215571605e+03
8.3302163835e+04
-4.5959074696e+00
-8.7609835205e+01
-2.4969865594e+02
2.6658095061e+03
1.5645686978e+03
-1.9527678386e+04
-1.9581483836e+03
5.4528858642e+04
-5.9724442969e+02
-5.1435515529e+04
1.1441598407e+00
2.9179378267e+01
7.7448527877e+01
-8.7113274138e+02
-4.9462184451e+02
6.3576178385e+03
7.1788767654e+02
-1.7647166829e+04
-5.7771134708e+00
1.6557532052e+04
-1.4452821869e-01
-4.8355787928e+00
-1.2249216637e+01
1.4325404697e+02
7.8693503328e+01
-1.0440867957e+03
-1.2283804115e+02
2.8884665510e+03
1.8146227443e+01
-2.7016177454e+03
7.3158631301e-03
3.1869150752e-01
7.7487108912e-01
-9.4098233492e+00
-4.9702768508e+00
6.8552684923e+01
8.0400299062e+00
-1.8926044278e+02
-1.7232182565e+00
1.7666226739e+02
