seviri_band07A  factor=100
2.3988873798e+00
1.3660363626e+00
-7.7362916062e+00
2.3031834056e+01
1.4927790479e+01
-1.5999591893e+02
-7.7552040227e+01
3.5296996450e+02
1.0970299216e+02
-2.6048108745e+02
4.9267977550e-01
2.9393147518e+00
-2.2364509916e+01
-7.0319823277e+01
2.0408341825e+02
5.1607293435e+02
-6.1664886712e+02
-1.3862232067e+03
5.8799181480e+02
1.2258921183e+03
7.0447703857e-01
8.9675246265e+00
-5.8396228723e+00
-2.5381175454e+02
-2.3497767907e+02
1.7832189125e+03
1.2226411403e+03
-4.7320400351e+03
-1.5227373379e+03
4.2463264847e+03
-6.5046037616e+00
-6.7524344684e+01
2.3890752304e+02
1.5607838899e+03
-9.4577250565e+02
-1.0314551584e+04
5.3101123074e+02
2.6003302532e+04
1.1460476925e+03
-2.2321403350e+04
1.2506897275e+01
1.2180252742e+02
-4.8555085683e+02
-2.7372628162e+03
2.4104182609e+03
1.7779694515e+04
-3.3895726569e+03
-4.4190961122e+04
4.1359433341e+02
3.7447517410e+04
-1.1350043390e+01
-1.0702338519e+02
4.3848581619e+02
2.3274778872e+03
-2.3012765240e+03
-1.4948318691e+04
3.6887147897e+03
3.6866874354e+04
-1.1228689224e+03
-3.1013103552e+04
5.6095605116e+00
5.2173880557e+01
-2.1302115368e+02
-1.0909826679e+03
1.1426938050e+03
6.9328693179e+03
-1.9367945050e+03
-1.6991197009e+04
7.2401002983e+02
1.4209006022e+04
-1.5485443279e+00
-1.4369872261e+01
5.7681971326e+01
2.8837417591e+02
-3.1309162987e+02
-1.8124146930e+03
5.4998219861e+02
4.4151319494e+03
-2.2861481271e+02
-3.6718437774e+03
2.2432251366e-01
2.0935050975e+00
-8.2018357286e+00
-4.0323459325e+01
4.4886030418e+01
2.5045610948e+02
-8.1071055574e+01
-6.0634033991e+02
3.6229703610e+01
5.0149713472e+02
-1.3285860452e-02
-1.2548564650e-01
4.7747357242e-01
2.3209858894e+00
-2.6299884296e+00
-1.4233029730e+01
4.8614442853e+00
3.4229421790e+01
-2.2940220242e+00
-2.8150024512e+01
