seviri_band06B  factor=100
6.9239522656e+00
-1.7096407839e+00
-1.2163098752e+01
6.2869273737e+01
1.1185233410e+02
-2.0069151698e+02
-5.9236206661e+02
2.0015532035e+02
7.1830576188e+02
-1.8023930215e+01
1.9955150257e-02
1.1447369207e+01
-1.1692121258e+00
-3.2071967491e+02
-5.4802329849e+01
2.6876662105e+03
1.7275150693e+02
-7.8369142005e+03
-1.1812881016e+02
7.3919831057e+03
1.2587109611e+00
4.5089109196e+01
-1.3822176486e+02
-9.9229367186e+02
1.0876505504e+03
6.9864174497e+03
-3.2024597676e+03
-1.9658224386e+04
3.1261699919e+03
1.8597859677e+04
-5.4060061114e+00
-2.5325797027e+02
5.2120098966e+02
5.5076665863e+03
-2.9965071417e+03
-3.9736268536e+04
6.7481337852e+03
1.1126395983e+05
-5.5280667351e+03
-1.0417887473e+05
9.9751483206e+00
4.3489291357e+02
-8.2410146568e+02
-9.4886411348e+03
4.5492642546e+03
6.8235994799e+04
-9.0960224924e+03
-1.9129120183e+05
6.3105149102e+03
1.7925959617e+05
-9.1198685670e+00
-3.7170539578e+02
6.7097605917e+02
8.1671761730e+03
-3.7924235445e+03
-5.8587177803e+04
7.4280314135e+03
1.6458439014e+05
-4.7925516773e+03
-1.5447705464e+05
4.4742390830e+00
1.7711958544e+02
-3.0478547398e+02
-3.9146416654e+03
1.7731436090e+03
2.8039046341e+04
-3.4869949969e+03
-7.8931389434e+04
2.1867658486e+03
7.4192350395e+04
-1.2035818529e+00
-4.7825451875e+01
7.8168157598e+01
1.0610570476e+03
-4.6476201014e+02
-7.5923937768e+03
9.1639649056e+02
2.1417091105e+04
-5.6234327884e+02
-2.0159366939e+04
1.6750905579e-01
6.8469795885e+00
-1.0597031581e+01
-1.5216390602e+02
6.3799483509e+01
1.0879966058e+03
-1.2497524578e+02
-3.0754800539e+03
7.4313135831e+01
2.8989390509e+03
-9.4372046195e-03
-4.0399479943e-01
5.9104788207e-01
8.9753748744e+00
-3.5700612909e+00
-6.4131319537e+01
6.8647349090e+00
1.8165974135e+02
-3.8794309629e+00
-1.7147540404e+02
