seviri_band05A  factor=100
6.3779087299e-01
7.4549964443e-01
7.2353918635e+00
-3.0354025285e+01
-3.2781568124e+01
1.5428800473e+02
1.0167472694e+02
-3.1871436753e+02
-1.0282689915e+02
2.3772450013e+02
3.9668531535e-01
-4.6377342724e+00
2.0448091800e+00
1.1536019325e+02
-4.0956715209e+01
-8.8583474738e+02
1.5391527348e+02
2.4902896591e+03
-1.8311080651e+02
-2.3062859036e+03
1.6477930789e+00
-2.5443533810e+01
2.5316500430e+01
4.9245931116e+02
-4.3910744295e+02
-2.8097176725e+03
1.6085886796e+03
6.7450636516e+03
-1.7223997406e+03
-5.7705641680e+03
-1.0763062927e+01
1.1904351384e+02
-5.5475417752e+01
-2.5594614966e+03
1.3034041445e+03
1.6130571647e+04
-4.7998939568e+03
-4.1037360687e+04
5.1893977596e+03
3.6172831785e+04
1.9061813617e+01
-1.9571517144e+02
1.0882077964e+01
4.4232197112e+03
-1.2869459728e+03
-2.8632349295e+04
5.0241935039e+03
7.4077464401e+04
-5.5195015223e+03
-6.5889489320e+04
-1.6566607185e+01
1.6593883485e+02
5.7748066074e+01
-3.8486146351e+03
3.8285420063e+02
2.5226025049e+04
-1.9538154426e+03
-6.5766690592e+04
2.2992559183e+03
5.8718447082e+04
8.0486020245e+00
-7.9453717241e+01
-5.8147805079e+01
1.8657918264e+03
1.3870493574e+02
-1.2297753053e+04
-1.0451876294e+02
3.2157073436e+04
-3.8757625614e+01
-2.8739456658e+04
-2.2262462562e+00
2.1660148697e+01
2.3565780302e+01
-5.1116048700e+02
-1.1913381591e+02
3.3743708396e+03
2.9095093631e+02
-8.8263927056e+03
-2.5611982225e+02
7.8840279958e+03
3.2760189340e-01
-3.1362570112e+00
-4.4371369175e+00
7.4056016771e+01
2.8056678140e+01
-4.8840033160e+02
-7.7105507850e+01
1.2758586160e+03
7.2577680604e+01
-1.1379667917e+03
-1.9902844612e-02
1.8728209868e-01
3.2086904442e-01
-4.4127021947e+00
-2.2663722673e+00
2.9024910453e+01
6.5262498530e+00
-7.5642846427e+01
-6.2860804251e+00
6.7327609330e+01
