seviri_band08B  factor=100
1.4767935513e+01
1.0335621611e+01
-3.0316419863e+01
-1.1732234050e+02
2.3113397107e+02
6.0835028368e+02
-9.0661263350e+02
-1.3155272207e+03
1.0185689362e+03
1.0221137900e+03
-1.3412106063e+00
-6.1036605472e-01
3.1604259424e+01
-2.7809459986e+01
-2.7167372189e+02
7.9721545514e+01
7.7142523887e+02
2.7546072854e+02
-7.3404000050e+02
-6.3462623505e+02
6.4413589255e+00
-1.3480936125e+01
-1.5684339516e+02
4.4814083616e+02
4.3584565379e+02
-3.0349649235e+03
3.9399228544e+02
7.6786796291e+03
-1.5880349098e+03
-6.6598554116e+03
-8.6267729891e+00
1.2366150286e+02
1.5241167124e+02
-3.0527187677e+03
2.5513937869e+03
2.0150589346e+04
-1.5047461556e+04
-5.3757532863e+04
2.0287075928e+04
4.9543016618e+04
6.6297502495e+00
-3.1297484719e+02
6.6297865659e+00
6.6817801470e+03
-6.1577570717e+03
-4.1598009287e+04
3.0683560527e+04
1.0605242912e+05
-3.9631828333e+04
-9.4987453699e+04
-3.3628183861e+00
3.2626266185e+02
-9.9987185704e+01
-6.6496365664e+03
5.8362588895e+03
4.0124233541e+04
-2.7663731896e+04
-9.8895108867e+04
3.5304457230e+04
8.6406530562e+04
1.1902946416e+00
-1.7480625625e+02
7.1969850522e+01
3.5102334426e+03
-2.9167877272e+03
-2.0786779472e+04
1.3442347116e+04
4.9985845540e+04
-1.7046351479e+04
-4.2827441436e+04
-2.8519464451e-01
5.1121308620e+01
-2.3981397412e+01
-1.0214155425e+03
8.1205124160e+02
5.9678156941e+03
-3.6601413710e+03
-1.4073425830e+04
4.6167129888e+03
1.1864366352e+04
4.0343316198e-02
-7.7741355461e+00
3.9915186222e+00
1.5497064432e+02
-1.1940548804e+02
-8.9567837671e+02
5.2719970797e+02
2.0778967204e+03
-6.6126718545e+02
-1.7274503190e+03
-2.4660886756e-03
4.8169178727e-01
-2.6770528707e-01
-9.5848758919e+00
7.2448638532e+00
5.4885594880e+01
-3.1348822561e+01
-1.2553840271e+02
3.9078254167e+01
1.0308827015e+02
