seviri_band10B  factor=100
6.7594992649e+00
1.0140260102e+01
-5.2074325995e+01
-1.3571237155e+02
2.6817469680e+02
6.0810019216e+02
-6.8466765702e+02
-1.1767114394e+03
6.3163601125e+02
8.4626935400e+02
-5.4838409910e-01
4.4159765823e+00
9.6932843070e+00
-3.1434725294e+01
-9.6517633264e+01
-9.7034331032e+01
3.5139900364e+02
9.2748753350e+02
-3.9605862154e+02
-1.2685018226e+03
5.4403239139e+00
3.3287329411e+01
-1.3622464704e+02
-5.5340511316e+02
6.8439915647e+02
3.4377451237e+03
-7.1338637901e+02
-8.7078253323e+03
-3.8780116740e+02
7.6563613796e+03
-5.3244565959e+00
-6.9952421537e+01
3.7254486304e+02
6.7611947717e+02
-1.6418135662e+03
-2.4250646472e+03
-5.7803500594e+02
1.3236026561e+03
5.3975243336e+03
2.5176381930e+03
1.1049960786e+00
-7.5534226381e+00
-6.5229322659e+02
1.5517619254e+03
3.1920906921e+03
-1.3876644000e+04
-3.6793774094e+02
4.5455758089e+04
-7.8732194015e+03
-4.7806970879e+04
3.7020268147e-01
7.7229904912e+01
6.5038912828e+02
-3.0584963269e+03
-3.4899371971e+03
2.3883371318e+04
2.4438222517e+03
-7.0928501365e+04
4.7731851870e+03
7.0051127097e+04
2.9225324601e-02
-6.0519878293e+01
-3.5569633896e+02
2.1095208016e+03
2.0049715979e+03
-1.6061399293e+04
-2.0892682074e+03
4.6424970691e+04
-1.4360958195e+03
-4.4914411264e+04
-1.3599596948e-01
2.1263571097e+01
1.0621773543e+02
-7.1527892527e+02
-6.1323057165e+02
5.4032151300e+03
7.5490722453e+02
-1.5433480514e+04
2.1627685603e+02
1.4783963882e+04
4.0119804797e-02
-3.6178657801e+00
-1.6286457228e+01
1.2017245214e+02
9.4960410847e+01
-9.0512625069e+02
-1.2671021153e+02
2.5688532852e+03
-1.4435698551e+01
-2.4468416672e+03
-3.5367754515e-03
2.4183153489e-01
1.0044194260e+00
-8.0001051655e+00
-5.8648521852e+00
6.0193925777e+01
8.1315495647e+00
-1.7017963196e+02
2.8842318608e-01
1.6152157868e+02
