seviri_band10A  factor=100
2.4260896607e-01
-1.0888743970e+00
8.2184523380e+00
6.4339626240e+01
-9.3169151650e+01
-3.9482528732e+02
2.3521004864e+02
8.8774495489e+02
-1.8923069623e+02
-6.8964148896e+02
7.8833641294e-01
1.9356442553e+00
-3.1761645665e+01
-6.0369639795e+01
2.9723676311e+02
4.8512936322e+02
-9.0892951004e+02
-1.3639016111e+03
8.7622152397e+02
1.2399089017e+03
8.7543321197e-01
-1.3546894850e+01
-2.1965887447e+01
9.3141291285e+01
-6.7345539011e+01
-2.2982311249e+02
6.8791076852e+02
2.4005747104e+02
-9.7377254847e+02
-1.1093765143e+02
-1.1434346525e+01
-1.0953368202e+01
3.7143337143e+02
9.2918627210e+02
-2.2385287685e+03
-7.2961518570e+03
4.7801578086e+03
1.9317271249e+04
-3.3060596918e+03
-1.6787123990e+04
2.1636831983e+01
7.5007340847e+01
-6.6283932290e+02
-2.6559945892e+03
4.1372348785e+03
1.8983237394e+04
-9.3785764963e+03
-4.8734387541e+04
6.9792458536e+03
4.1917088714e+04
-1.8810265798e+01
-9.1520391937e+01
5.3938303193e+02
2.7874554967e+03
-3.3061158673e+03
-1.9469070816e+04
7.5076221143e+03
4.9587785713e+04
-5.5982739820e+03
-4.2554198328e+04
8.9021434476e+00
5.2212256070e+01
-2.4058736072e+02
-1.4835506397e+03
1.4363904644e+03
1.0265282736e+04
-3.2470655094e+03
-2.6061992835e+04
2.4106107302e+03
2.2347895042e+04
-2.3653646490e+00
-1.5787626027e+01
6.0849939125e+01
4.2921038548e+02
-3.5502411973e+02
-2.9534119124e+03
8.0270560663e+02
7.4832548983e+03
-5.9700912127e+02
-6.4134270257e+03
3.3179521738e-01
2.4482195153e+00
-8.2060875702e+00
-6.4404541170e+01
4.7123438949e+01
4.4123644872e+02
-1.0740446206e+02
-1.1160943887e+03
8.0800053223e+01
9.5602451548e+02
-1.9135220686e-02
-1.5344000491e-01
4.5904389170e-01
3.9298753302e+00
-2.6149421146e+00
-2.6816865139e+01
6.0539977940e+00
6.7722440963e+01
-4.6466957547e+00
-5.7976952163e+01
