seviri_band09A  factor=100
8.5253502906e-01
1.7025485648e-01
8.3090808261e-01
3.7102928235e+01
-4.4300416335e+01
-2.6239047642e+02
1.1383729499e+02
6.4447397394e+02
-8.5769982397e+01
-5.3584599169e+02
6.7767152443e-01
1.3017056327e+00
-2.3403055988e+01
-3.2797710743e+01
1.9768549797e+02
2.5658078486e+02
-5.7818509542e+02
-6.9232275881e+02
5.4275608061e+02
6.0043508166e+02
2.5338461438e-01
-7.3364162055e+00
1.1915954131e+01
4.7337602573e+01
-3.2149314855e+02
-1.4018430168e+02
1.4092339084e+03
2.8583009834e+02
-1.6839995683e+03
-2.8776182124e+02
-7.9922714307e+00
-2.0134577926e+01
1.9830025621e+02
7.9219162622e+02
-6.7429018895e+02
-5.7803201351e+03
-6.8298809462e+01
1.4659153617e+04
1.5751830858e+03
-1.2332218646e+04
1.6125729129e+01
7.4717575627e+01
-4.1244105920e+02
-2.1416727022e+03
1.7484138453e+03
1.4965267262e+04
-1.6859613036e+03
-3.7984403230e+04
-9.3179111593e+02
3.2400106506e+04
-1.4443383105e+01
-8.4282010609e+01
3.5914332210e+02
2.2030164309e+03
-1.5067398231e+03
-1.5215011290e+04
1.4884308759e+03
3.8713166525e+04
7.3720862765e+02
-3.3227844568e+04
6.9563192186e+00
4.6961024236e+01
-1.6652083936e+02
-1.1606082473e+03
6.6308018713e+02
7.9641327780e+03
-5.6202696871e+02
-2.0294176951e+04
-4.7868281371e+02
1.7478183275e+04
-1.8684936776e+00
-1.4102804342e+01
4.3036442554e+01
3.3411602998e+02
-1.6078698383e+02
-2.2806302237e+03
1.0539025443e+02
5.8148272786e+03
1.6759630288e+02
-5.0179034237e+03
2.6380567009e-01
2.1876136385e+00
-5.8562970392e+00
-5.0056943299e+01
2.0472232330e+01
3.3995221252e+02
-9.0743399356e+00
-8.6667390107e+02
-2.8603927273e+01
7.4876103300e+02
-1.5265297380e-02
-1.3766524231e-01
3.2723142325e-01
3.0569615391e+00
-1.0695831342e+00
-2.0655051942e+01
2.3384416042e-01
5.2627549049e+01
1.8970231222e+00
-4.5496741096e+01
