seviri_band04B  factor=100
2.4386123127e+00
2.1167975064e+00
-1.9088392507e+01
-2.3421189418e+01
1.3777351377e+02
1.4999418813e+02
-5.4251704497e+02
-3.2793723354e+02
6.0991621168e+02
2.4173749686e+02
-3.9753196799e-01
2.4999771781e+00
1.2116898192e+01
-6.9821753776e+01
-1.1229425227e+02
5.8577604487e+02
2.9766380664e+02
-1.5773114406e+03
-2.5452338539e+02
1.3723139363e+03
3.3764113956e+00
-2.6823472072e+01
-1.2596707795e+02
5.2777139020e+02
7.8579930879e+02
-2.8694674423e+03
-1.5801447364e+03
6.1544418596e+03
8.9941350483e+02
-4.7172050307e+03
-6.4770163742e+00
9.2897362735e+01
3.2551384948e+02
-1.7481674669e+03
-1.4691253448e+03
8.5389327602e+03
1.2485976564e+03
-1.8106495797e+04
1.3905034140e+03
1.4453833349e+04
5.9735944966e+00
-1.4867628545e+02
-4.1214947452e+02
2.6418319271e+03
1.4603441847e+03
-1.1901321629e+04
7.4581443069e+02
2.3338625704e+04
-5.0659927523e+03
-1.7689300642e+04
-2.9860395880e+00
1.2521130060e+02
2.8872487705e+02
-2.1402790157e+03
-7.8274593558e+02
9.0163627701e+03
-1.9612522194e+03
-1.5920376880e+04
5.6195942026e+03
1.0895081709e+04
8.0319409199e-01
-5.9707658971e+01
-1.1678992028e+02
9.9539613277e+02
2.0923823082e+02
-3.9617401248e+03
1.4192525971e+03
6.2125843543e+03
-3.1601708133e+03
-3.6438279863e+03
-1.0030755714e-01
1.6251246657e+01
2.7084217789e+01
-2.6629112883e+02
-1.8668614674e+01
1.0078237819e+03
-4.9843977091e+02
-1.3849676403e+03
9.6914852096e+02
6.3865913025e+02
1.8627401587e-03
-2.3547797645e+00
-3.3366395449e+00
3.8106260193e+01
-2.2347683071e+00
-1.3775423810e+02
8.6633821371e+01
1.6326440563e+02
-1.5423522699e+02
-4.8751595290e+01
4.6532415979e-04
1.4095380323e-01
1.6893755348e-01
-2.2607956063e+00
4.0038275172e-01
7.8381250493e+00
-5.9638631395e+00
-7.8652703315e+00
9.9725881313e+00
6.6287849914e-01
