seviri_band11A  factor=100
4.7875126639e+00
-3.3661517573e+00
1.1848867197e+01
4.9989597255e+01
-4.5063736300e+01
-2.0247263991e+02
2.0157900640e+01
3.5410805859e+02
3.5080308998e+01
-2.3299278314e+02
2.5857954763e-02
-1.2216593135e+00
6.6794374951e+00
3.3489037021e+00
-6.9669098746e+01
1.4036808406e+02
1.8961906017e+02
-6.4132137388e+02
-1.6137795597e+02
7.2421332486e+02
-2.1727790332e+00
-1.9752594460e+01
3.8003208498e+01
3.6622062174e+02
-2.4366673007e+02
-2.0146534905e+03
5.0113097224e+02
4.4135681358e+03
-3.1243859387e+02
-3.4335107166e+03
4.3696749894e+00
4.7482893140e+01
-1.7100283580e+02
-8.5713508530e+02
1.4846106729e+03
3.7040365541e+03
-3.8999950945e+03
-5.5107937088e+03
3.2344596357e+03
2.2928984834e+03
-4.6305052234e+00
-2.8691097194e+01
3.2852892097e+02
3.4379944612e+02
-2.8853229722e+03
1.0395471200e+03
7.8447507239e+03
-1.0026274942e+04
-6.8225335177e+03
1.3757613842e+04
3.2410735239e+00
-2.7468340809e+00
-3.2706985949e+02
4.0232035283e+02
2.8037777989e+03
-5.7589184944e+03
-7.6744929646e+03
2.1827031866e+04
6.8066454462e+03
-2.4005230590e+04
-1.4985255578e+00
1.0102619232e+01
1.7738106334e+02
-4.5065108683e+02
-1.4879264910e+03
4.6420733940e+03
4.0794160463e+03
-1.5679834314e+04
-3.6583198582e+03
1.6368606815e+04
4.2417747489e-01
-4.5112385887e+00
-5.2861930798e+01
1.7930778504e+02
4.3668034109e+02
-1.6888295861e+03
-1.1988611461e+03
5.4629420668e+03
1.0835445236e+03
-5.5767707995e+03
-6.5212422291e-02
8.5088148950e-01
8.1360735819e+00
-3.2692939415e+01
-6.6530503435e+01
2.9596664996e+02
1.8303074552e+02
-9.3679571706e+02
-1.6649619492e+02
9.4495680103e+02
4.1335968361e-03
-6.0251028481e-02
-5.0562563685e-01
2.2879966733e+00
4.1080300530e+00
-2.0279706620e+01
-1.1334100355e+01
6.3391888141e+01
1.0370557187e+01
-6.3490606091e+01
