seviri_band11B  factor=100
8.0858688097e+00
5.6654233391e+00
-2.9777106352e+01
-1.7408819785e+01
1.1030681959e+02
5.7053065790e+00
-3.6966091038e+02
4.4656553878e+01
4.2060873180e+02
-4.1479487864e+01
4.5343151531e-01
5.6819019362e+00
-2.0890687270e+01
-1.1069161524e+02
1.6678554125e+02
7.3726060197e+02
-4.5565223942e+02
-1.7800587161e+03
3.9309144447e+02
1.4214998689e+03
3.8202545246e+00
2.3993380599e+00
-9.5998779212e+01
-1.5714769584e+02
1.7809440212e+02
1.5204682040e+03
9.1973866125e+02
-4.7340235731e+03
-1.9726534181e+03
4.6122461521e+03
-1.3049063256e+01
-4.9412651449e+01
5.5191039322e+02
1.1733380513e+03
-2.1553755024e+03
-8.8435426734e+03
-8.4927085422e+01
2.3038243456e+04
5.2996669829e+03
-1.9471075599e+04
1.9884122473e+01
7.2151261978e+01
-9.9666669132e+02
-1.6057690875e+03
4.4330962216e+03
1.1903157556e+04
-2.3048930506e+03
-2.9811065835e+04
-6.7616145153e+03
2.3779230936e+04
-1.6741889424e+01
-5.0448725859e+01
8.8585216214e+02
9.4385107586e+02
-4.1360181770e+03
-6.9122000280e+03
3.0462986910e+03
1.6532860014e+04
4.7999841691e+03
-1.2032864085e+04
8.1198480682e+00
1.9818212216e+01
-4.3261867473e+02
-2.5005042852e+02
2.0589286342e+03
1.7671240818e+03
-1.7299823030e+03
-3.7446732210e+03
-2.0284841295e+03
1.9604555629e+03
-2.2469240835e+00
-4.4083221511e+00
1.1816742776e+02
1.7257716566e+01
-5.6558510412e+02
-9.1529102518e+01
5.0306923666e+02
-2.8268139311e+01
5.1109215465e+02
4.1409655944e+02
3.2886358383e-01
5.1500743013e-01
-1.6930369615e+01
4.1502321977e+00
8.0881915392e+01
-3.7800156750e+01
-7.3209301591e+01
1.4087806117e+02
-7.1296362336e+01
-1.8308767076e+02
-1.9730128175e-02
-2.4454105365e-02
9.9115596346e-01
-6.0384026858e-01
-4.7016739309e+00
4.9970291642e+00
4.2117182911e+00
-1.5736567319e+01
4.2529103653e+00
1.7506028808e+01
