seviri_band05B  factor=100
6.6290458194e+00
-2.5684722429e+00
3.3359635647e+00
2.3057185819e+01
-3.8380565715e+01
-1.1677748436e+02
1.4909805259e+02
3.2466436528e+02
-1.6385434641e+02
-3.2379349796e+02
-7.7814688958e-01
-7.8836395965e+00
3.5981415982e+01
1.9990304572e+02
-3.6707669321e+02
-1.3271786562e+03
1.1549448151e+03
3.4438806068e+03
-1.1337775841e+03
-3.0664964639e+03
-9.0683760922e+00
-5.9950009439e+01
2.1369375277e+02
1.3867307823e+03
-1.1401180089e+03
-9.8029676626e+03
2.4384150922e+03
2.6780166573e+04
-1.9601487100e+03
-2.4676055426e+04
3.8243159547e+01
2.1990655492e+02
-1.1056024244e+03
-4.9969495246e+03
7.6844682204e+03
3.3580006461e+04
-1.9973573868e+04
-8.8685514187e+04
1.7853558008e+04
7.9996096464e+04
-6.1643460694e+01
-2.7643006880e+02
1.9810972114e+03
6.0652881594e+03
-1.4780253552e+04
-3.8361364361e+04
4.0088184257e+04
9.6466118362e+04
-3.6693626937e+04
-8.4032327301e+04
5.1429698443e+01
1.7931710403e+02
-1.8003602549e+03
-3.6640703121e+03
1.4027792251e+04
2.1000415582e+04
-3.9136431373e+04
-4.8210092177e+04
3.6462985444e+04
3.9008533226e+04
-2.4192238266e+01
-6.5548265765e+01
9.1063750239e+02
1.1811975999e+03
-7.3279246876e+03
-5.5893752146e+03
2.0890581557e+04
1.0120993266e+04
-1.9736143671e+04
-6.2605900760e+03
6.4684872566e+00
1.3411358187e+01
-2.5913423742e+02
-1.9180355587e+02
2.1390316850e+03
5.0920634327e+02
-6.2017932978e+03
1.7622091303e+02
5.9229223049e+03
-1.0993609603e+03
-9.1731281735e-01
-1.4031953689e+00
3.8788791457e+01
1.1640795243e+01
-3.2690312692e+02
5.2018240812e+01
9.6060026526e+02
-3.8838157432e+02
-9.2525990544e+02
5.0543442608e+02
5.3583972726e-02
5.6331347997e-02
-2.3759590178e+00
1.4465146615e-01
2.0374639432e+01
-9.6581771080e+00
-6.0523874000e+01
4.2056272081e+01
5.8696547977e+01
-4.8152195314e+01
