seviri_band06A  factor=100
2.9554474170e+00
-1.1421381965e+00
6.4589983051e+00
-4.6942003384e+00
-4.6017343769e+01
-9.3433448113e-01
2.0194809119e+02
1.0258623151e+02
-2.3580245049e+02
-1.5858473515e+02
-4.5601417025e-01
-6.7169833483e+00
2.3745615234e+01
1.7150747584e+02
-2.1908455620e+02
-1.2577893435e+03
6.6416355311e+02
3.4474484704e+03
-6.4564591593e+02
-3.1495823979e+03
-4.2628232721e+00
-3.3010461657e+01
1.5023342845e+02
7.9426371025e+02
-9.9336632948e+02
-5.7189909699e+03
2.5081123350e+03
1.5895455287e+04
-2.2231364812e+03
-1.4807489195e+04
1.8610111142e+01
1.4624180107e+02
-7.7376959385e+02
-3.3741584544e+03
5.7321614564e+03
2.3445123224e+04
-1.5235069133e+04
-6.3528906519e+04
1.3656762105e+04
5.8105994871e+04
-3.0678531146e+01
-2.0947263973e+02
1.3537575528e+03
4.7072914031e+03
-1.0453767160e+04
-3.1531917732e+04
2.8361881407e+04
8.3354338115e+04
-2.5634387107e+04
-7.4916392630e+04
2.6071889053e+01
1.5448340757e+02
-1.1943621297e+03
-3.3422119723e+03
9.4862524637e+03
2.1434934630e+04
-2.6209773011e+04
-5.4947061318e+04
2.3950877595e+04
4.8273793508e+04
-1.2448420497e+01
-6.4787247120e+01
5.8741394278e+02
1.3312142832e+03
-4.7675416030e+03
-8.0866401105e+03
1.3381043133e+04
1.9899335160e+04
-1.2358642022e+04
-1.6929539683e+04
3.3689642361e+00
1.5543450813e+01
-1.6313684639e+02
-2.9888251079e+02
1.3472396579e+03
1.6898400180e+03
-3.8310237184e+03
-3.9189328478e+03
3.5710626872e+03
3.1685631737e+03
-4.8254708356e-01
-1.9847787662e+00
2.3923511944e+01
3.5058197843e+01
-2.0041363995e+02
-1.7891915488e+02
5.7603061792e+02
3.7616991166e+02
-5.4107530550e+02
-2.7581105738e+02
2.8424389517e-02
1.0454167929e-01
-1.4404871317e+00
-1.6526443805e+00
1.2212707369e+01
7.1690398687e+00
-3.5410454925e+01
-1.2293635532e+01
3.3471963159e+01
6.7800714828e+00
