seviri_band07B  factor=100
5.0387778740e+00
6.3165910770e+00
-3.5144461370e+01
-8.8779062189e+01
2.0109951306e+02
4.4575277913e+02
-5.8766780471e+02
-9.4617666179e+02
5.8265152802e+02
7.3262120062e+02
-7.9730712504e-01
3.0580091183e+00
1.6609717039e+01
-3.7301918580e+01
-1.2843369409e+02
1.0816017269e+02
3.7318786017e+02
9.0741732552e+01
-3.6510010145e+02
-3.4163019906e+02
4.7886719094e+00
5.4450180166e+00
-1.4942593181e+02
-5.2640728657e+01
8.9490798923e+02
5.0778084624e+02
-1.6572743736e+03
-1.7719398578e+03
8.1100953809e+02
1.8636745417e+03
-2.8083406599e+00
2.5568358199e+01
3.1807120570e+02
-9.3246957767e+02
-1.6063953260e+03
6.3735264358e+03
9.3635735800e+02
-1.8040980470e+04
2.4900139209e+03
1.7595414744e+04
-3.8648330308e+00
-1.2463346418e+02
-4.2012076042e+02
3.2940711519e+03
2.0118957356e+03
-2.2354699497e+04
2.2471402852e+02
6.1537238575e+04
-5.9150676401e+03
-5.8310392747e+04
5.5911027277e+00
1.5380420873e+02
3.5723648779e+02
-3.9106774012e+03
-1.7550778377e+03
2.6625005869e+04
-6.7641556583e+01
-7.2533803293e+04
4.9610109244e+03
6.7932314373e+04
-2.9131689619e+00
-8.9882983657e+01
-1.8167356549e+02
2.2797309331e+03
9.2079091618e+02
-1.5594669535e+04
-1.8964784062e+02
4.2279280431e+04
-2.1732025632e+03
-3.9354243260e+04
7.6331758088e-01
2.7871225865e+01
5.2509932415e+01
-7.0989982960e+02
-2.7078579400e+02
4.8749070412e+03
1.0649843572e+02
-1.3178908737e+04
5.4024204254e+02
1.2220173615e+04
-1.0065076936e-01
-4.4282961634e+00
-7.9344986396e+00
1.1334420019e+02
4.1085275350e+01
-7.8051845044e+02
-2.0562391118e+01
2.1058660169e+03
-7.3205318686e+01
-1.9474914095e+03
5.3118785881e-03
2.8389148966e-01
4.8647644765e-01
-7.2990150298e+00
-2.5039659760e+00
5.0363688552e+01
1.3582361583e+00
-1.3567577707e+02
4.2400401980e+00
1.2522702460e+02
