seviri_band08A  factor=100
3.2919160659e+00
-4.0944359388e+00
-5.1540953842e-01
9.4971268857e+01
-8.2998535832e+01
-4.6770842014e+02
2.5281652016e+02
8.9888220057e+02
-2.2637183722e+02
-6.1189662525e+02
8.3730952077e-01
4.7911040068e+00
-2.0338685915e+01
-8.5507325983e+01
1.3342864729e+02
9.3133874005e+02
-3.3976489506e+02
-3.1175633826e+03
3.0288387724e+02
3.1562465625e+03
-2.4772235650e+00
-3.2377698210e+00
4.1379879074e+01
-1.5312235248e+02
-3.2276048530e+02
2.2452532434e+03
1.1602365463e+03
-8.3437822209e+03
-1.3125100785e+03
8.9191059750e+03
8.2272482539e-01
-8.5179122087e+01
1.7991457111e+02
2.0816682704e+03
-1.3487709353e+03
-1.8423952732e+04
2.2687673131e+03
5.8346299055e+04
-8.3688411682e+02
-5.8285740648e+04
3.3544081388e+00
2.3066330142e+02
-4.9199349720e+02
-4.7210044891e+03
3.8049494598e+03
3.6667175661e+04
-8.1356965425e+03
-1.0886211932e+05
5.3834548195e+03
1.0535878838e+05
-4.7823398323e+00
-2.3891321049e+02
4.8470068531e+02
4.6243090353e+03
-3.7522981500e+03
-3.3850544723e+04
8.3486748085e+03
9.6985332184e+04
-5.8542466903e+03
-9.2090853324e+04
2.7781434171e+00
1.2633777411e+02
-2.4345910227e+02
-2.3810895079e+03
1.8671991155e+03
1.6847711001e+04
-4.1565117827e+03
-4.7179555346e+04
2.9104212719e+03
4.4226468464e+04
-8.2088797620e-01
-3.6449516961e+01
6.6805158888e+01
6.7503759040e+02
-5.0504716111e+02
-4.6675176208e+03
1.1047064625e+03
1.2858505468e+04
-7.5254952092e+02
-1.1941145970e+04
1.2194873556e-01
5.4714727534e+00
-9.5620580823e+00
-9.9838513160e+01
7.1061581350e+01
6.7834278677e+02
-1.5101346409e+02
-1.8454519914e+03
9.8218897997e+01
1.7015543584e+03
-7.2465645366e-03
-3.3492227968e-01
5.6025764820e-01
6.0237248974e+00
-4.0866277051e+00
-4.0344664545e+01
8.3679788301e+00
1.0866219465e+02
-5.1039985444e+00
-9.9628642183e+01
