seviri_band04A  factor=100
3.2560398872e+00
1.6056284650e+00
-1.0992095429e+01
4.7299797598e+00
3.4385542766e+01
-1.9267157404e+01
-1.1607779679e+02
-3.6271010513e+01
1.3542856550e+02
9.6635715329e+01
1.4880208173e-01
2.2125864081e+00
-8.7250543611e+00
-4.6903888063e+01
7.6314024015e+01
3.8405302738e+02
-2.2213921853e+02
-1.1085955392e+03
2.0377446799e+02
1.0246774946e+03
5.4397167795e-01
1.0561525019e+01
-8.5539393318e+00
-2.6834492603e+02
-1.2749281492e+02
2.0437409299e+03
7.5254132234e+02
-5.8299006531e+03
-9.8775963264e+02
5.4941377620e+03
-1.7156228575e+00
-5.1104861435e+01
1.2348165105e+02
1.0559210314e+03
-2.4800253023e+02
-7.8104684873e+03
-1.2050224114e+03
2.1984483171e+04
2.6783394738e+03
-2.0402330943e+04
2.9366707336e+00
7.4194793505e+01
-2.6293338103e+02
-1.3948444619e+03
9.9083705962e+02
1.0078857818e+04
4.4113492488e+02
-2.8179397507e+04
-3.1907178307e+03
2.5927447384e+04
-2.9698977488e+00
-5.5343469754e+01
2.5450100388e+02
9.1976038475e+02
-1.1443473572e+03
-6.4538229649e+03
4.8660622078e+02
1.7933413180e+04
1.9718298083e+03
-1.6352494015e+04
1.6832989794e+00
2.3554671926e+01
-1.3140380257e+02
-3.3079542472e+02
6.3986173616e+02
2.2250500043e+03
-5.1165395604e+02
-6.1412951471e+03
-6.8951702838e+02
5.5358870524e+03
-5.2405171193e-01
-5.7492814548e+00
3.7376487835e+01
6.4134622983e+01
-1.8972497922e+02
-4.0235290906e+02
1.8915778916e+02
1.1013637439e+03
1.3993098359e+02
-9.7547132621e+02
8.3802756099e-02
7.4848459593e-01
-5.5278301670e+00
-5.9592434043e+00
2.8688704958e+01
3.2308272861e+01
-3.1722115919e+01
-8.7231987781e+01
-1.5820129217e+01
7.4389460241e+01
-5.3826096394e-03
-4.0304117883e-02
3.3224635566e-01
1.7838356198e-01
-1.7423545169e+00
-5.4972914193e-01
2.0217369482e+00
1.3946750610e+00
8.0124724703e-01
-9.3432003711e-01
