modis_band35B  factor=100
1.6092633567e+01
1.0908261330e+00
-1.5280736563e+01
1.3228952275e+01
8.8736692046e+01
9.8323250961e+01
-4.9872082463e+02
-7.5435463573e+02
6.4189329205e+02
9.9256705687e+02
2.2212477240e-01
6.9625284038e+00
-4.6290586677e+00
-1.7582312819e+02
-6.3235620440e+01
1.5489806787e+03
2.3281999024e+02
-4.4828377155e+03
-1.9740377537e+02
4.1311771437e+03
1.6505304346e+00
-4.2983096526e+00
-1.9647129536e+02
7.8937378383e+00
1.5839061814e+03
2.9681217557e+02
-4.1902524369e+03
-1.6315470881e+03
3.3849043459e+03
1.9778830624e+03
-7.4233239003e+00
-5.3026670314e+01
7.1209134642e+02
1.0192275938e+03
-4.4982792640e+03
-9.1651096384e+03
1.0194685567e+04
2.7809156728e+04
-7.0391443593e+03
-2.6417590914e+04
1.1275576320e+01
1.0954726493e+02
-9.4367044261e+02
-1.8405242287e+03
5.0734054763e+03
1.5806908596e+04
-9.6068588667e+03
-4.7056335961e+04
4.7688213017e+03
4.4188191354e+04
-8.6702848524e+00
-9.6840940868e+01
6.2433696952e+02
1.4819789216e+03
-2.7087064615e+03
-1.2530713951e+04
3.5130424269e+03
3.7451331583e+04
2.4468868736e+02
-3.5294023225e+04
3.7454379951e+00
4.6468531256e+01
-2.2624653663e+02
-6.5352086123e+02
6.5472536002e+02
5.4885040667e+03
1.5075168528e+02
-1.6607128458e+04
-1.7922704055e+03
1.5797488669e+04
-9.2031535732e-01
-1.2585282107e+01
4.5023083259e+01
1.6368943010e+02
-3.0627401471e+01
-1.3714430569e+03
-4.6448948254e+02
4.2184176684e+03
8.7590810146e+02
-4.0614843069e+03
1.2011038009e-01
1.8089383661e+00
-4.5082317405e+00
-2.1873013185e+01
-1.3695195693e+01
1.8344869060e+02
1.1989562392e+02
-5.7502551739e+02
-1.7538835303e+02
5.6112197694e+02
-6.4648836734e-03
-1.0732292735e-01
1.6912275484e-01
1.2103380775e+00
1.7377030605e+00
-1.0194477734e+01
-9.8804537909e+00
3.2622720513e+01
1.3013638657e+01
-3.2287757697e+01
