modis_band35A  factor=100
-3.8420727338e-01
-6.6368415998e-01
-1.6198955385e+01
1.2857431336e+01
3.8810348065e+01
-1.1104589576e+02
1.3268920616e+00
2.1471356818e+02
-5.5862388822e+01
-1.1168686627e+02
1.1572388899e+00
7.4599512158e-01
-2.1026087087e+00
-8.0755919827e+01
2.5592477474e+01
9.3785469906e+02
-2.3508138664e+02
-2.9367972069e+03
3.2775124050e+02
2.8284302108e+03
-1.1502055331e+00
-2.0568332149e+00
2.1869490535e+01
-1.2026472034e+02
1.7253746159e+02
1.7315842613e+03
-8.6731610118e+02
-6.3169715812e+03
9.0112065126e+02
6.7216297379e+03
-1.0955963241e+01
-1.3219816877e+01
3.9124506908e+01
1.6884029745e+03
-1.6683254410e+03
-1.7997022197e+04
8.0984485297e+03
5.8019217465e+04
-9.1946847286e+03
-5.7798603015e+04
2.4096078488e+01
4.5522980691e+01
-1.2083749525e+02
-3.4368616430e+03
3.0550652891e+03
3.4598142693e+04
-1.4964797881e+04
-1.0866940242e+05
1.7230643233e+04
1.0668346311e+05
-2.1775821284e+01
-5.0183517387e+01
1.1248477682e+02
3.1091022000e+03
-2.5482572524e+03
-3.0515090826e+04
1.2741747215e+04
9.4809075170e+04
-1.4814595748e+04
-9.2519693366e+04
1.0547300656e+01
2.6945816001e+01
-5.1208861086e+01
-1.5010619542e+03
1.1320602591e+03
1.4542854277e+04
-5.8372490489e+03
-4.4980568622e+04
6.8564773429e+03
4.3796105226e+04
-2.8752656702e+00
-7.7258976233e+00
1.2285335445e+01
4.0182768544e+02
-2.7487048385e+02
-3.8658804899e+03
1.4785825597e+03
1.1939776374e+04
-1.7577395496e+03
-1.1620689219e+04
4.1652832976e-01
1.1389413581e+00
-1.4744307773e+00
-5.6298564563e+01
3.4170018110e+01
5.3958118820e+02
-1.9451390126e+02
-1.6667681129e+03
2.3460171133e+02
1.6231362016e+03
-2.4974873586e-02
-6.7980131687e-02
6.8655857217e-02
3.2219980269e+00
-1.6838951532e+00
-3.0821149013e+01
1.0342739329e+01
9.5309853167e+01
-1.2694096319e+01
-9.2918625805e+01
