modis_band20A  factor=100
8.7034325394e-01
1.4661343713e+00
-3.9954540017e+00
-8.7499158461e+00
1.4076421224e+01
3.3249309906e+01
-4.2989437345e+01
-6.6058949145e+01
4.7739170397e+01
5.3074740437e+01
1.9915806915e-01
1.1512357936e+00
-9.4532923167e+00
-2.0870728158e+01
8.2528367825e+01
1.0718991564e+02
-2.4740761704e+02
-2.0104877307e+02
2.3625598216e+02
1.2029480454e+02
6.3256007422e-01
1.6791982312e+01
-3.7543612605e+00
-3.1004634194e+02
-7.5372471522e+01
1.9318410374e+03
3.6933634009e+02
-4.8877040751e+03
-4.2579423410e+02
4.3115746976e+03
-2.0452172792e+00
-5.4064414236e+01
7.2572772256e+01
8.5095093280e+02
-2.4257252115e+02
-4.5831856012e+03
9.7570204047e+01
1.0128723580e+04
2.8289305103e+02
-7.9820315542e+03
3.0317726263e+00
6.4399830843e+01
-1.6448849888e+02
-8.1437337615e+02
8.6793573083e+02
3.3991617607e+03
-1.5806812438e+03
-5.3589136732e+03
8.6180727450e+02
2.6491376876e+03
-2.7197621627e+00
-4.0568468857e+01
1.7098810590e+02
3.3339443726e+02
-1.0528272463e+03
-3.6697910565e+02
2.3224702929e+03
-2.2367700144e+03
-1.6801338013e+03
3.9809190492e+03
1.4561459295e+00
1.4564271669e+01
-9.4409900021e+01
-2.7792840226e+01
6.2749762488e+02
-7.5852614154e+02
-1.5018611620e+03
3.5836701990e+03
1.1909497904e+03
-4.2071853967e+03
-4.4508506308e-01
-2.9322128284e+00
2.8506230950e+01
-2.1794082783e+01
-1.9801803799e+02
4.1620714896e+02
4.9604701451e+02
-1.5402846290e+03
-4.1228383197e+02
1.6623055681e+03
7.1165037787e-02
3.0002191627e-01
-4.4430578290e+00
6.7702702364e+00
3.1738118868e+01
-8.6166024724e+01
-8.1862312873e+01
2.9273832834e+02
7.0043349511e+01
-3.0443154578e+02
-4.6047931802e-03
-1.1566374785e-02
2.7965255863e-01
-5.9206927092e-01
-2.0354892322e+00
6.4968007957e+00
5.3581397257e+00
-2.1120506721e+01
-4.6769969934e+00
2.1504910360e+01
