modis_band34A  factor=100
1.8623547210e+00
-7.2923650927e-01
-1.4589229032e+01
1.1089813490e+01
3.0259032575e+01
-1.1211697913e+01
-1.4393715899e+01
-2.3807387888e+02
-1.2945837058e+01
4.0839086837e+02
6.5188361161e-01
1.4545949140e+00
1.1966173375e+00
-9.6326998318e+01
-2.9426211111e+01
1.1243585330e+03
3.2072539580e+01
-3.6427905675e+03
1.5461764095e+01
3.5992838027e+03
-1.1677384298e+00
2.1063504032e+00
-1.2278444129e+01
-1.8862522818e+02
5.1773562474e+02
1.9090500780e+03
-1.9237926949e+03
-6.3421876785e+03
1.8645698444e+03
6.4985889712e+03
-5.2426225972e+00
-3.4908189851e+01
5.2323735060e+01
2.0777109616e+03
-1.5906998141e+03
-2.0157709033e+04
6.8266580298e+03
6.3569754711e+04
-7.2259261353e+03
-6.2851725013e+04
1.2004445287e+01
8.1840447402e+01
-2.1863818489e+01
-4.1227912322e+03
1.5456007389e+03
3.8421974887e+04
-8.1038817781e+03
-1.1830908661e+05
9.1716649887e+03
1.1535845447e+05
-1.0574449623e+01
-8.0549673470e+01
-3.8660862552e+01
3.7136181916e+03
-5.0393568171e+02
-3.3775557515e+04
4.3717024684e+03
1.0257899248e+05
-5.4472768532e+03
-9.9241021728e+04
4.9517261233e+00
4.1213935916e+01
4.3711986438e+01
-1.7999950177e+03
-1.0262315993e+02
1.6108898188e+04
-9.8432386476e+02
-4.8503888170e+04
1.5364893864e+03
4.6705696743e+04
-1.3084058505e+00
-1.1562620093e+01
-1.8106585375e+01
4.8615037354e+02
1.1297216790e+02
-4.2992459337e+03
-1.4564320499e+01
1.2867556627e+04
-1.3858248215e+02
-1.2352357574e+04
1.8489053204e-01
1.6909908922e+00
3.4238257020e+00
-6.8979316068e+01
-2.7636078246e+01
6.0417143828e+02
4.0699529354e+01
-1.7999422074e+03
-1.8902354632e+01
1.7240349012e+03
-1.0895302047e-02
-1.0096127791e-01
-2.4702843624e-01
4.0108967386e+00
2.2691943092e+00
-3.4838408890e+01
-4.6015958072e+00
1.0339191565e+02
3.3558754920e+00
-9.8859878230e+01
