modis_band31B  factor=100
2.6836280619e+00
3.9108222143e+00
-7.7673726720e+00
-7.6057601410e+01
4.9362236795e+01
4.1224556825e+02
-1.6711443886e+02
-9.1480525064e+02
1.7765836098e+02
7.2949163899e+02
-5.1796403979e-01
2.1024168441e-01
1.5064936878e+01
4.3560768760e+00
-1.4815651349e+02
-1.7501385621e+02
4.9022147410e+02
8.3990225935e+02
-5.0871367695e+02
-1.0039506537e+03
3.4778099387e+00
1.4735649826e+01
-1.1564311796e+02
-2.2367219601e+02
7.8622827779e+02
1.5310719535e+03
-1.7235078997e+03
-4.2618750135e+03
1.1520916232e+03
4.0080787286e+03
-6.1814557283e-01
4.9747841865e-01
1.5167343646e+02
-1.9119966301e+02
-7.4165262189e+02
1.3867887882e+03
-2.2735750943e+02
-4.6866330368e+03
2.4930007992e+03
5.1934162789e+03
-7.6972291215e+00
-7.7180935913e+01
-7.2407229983e+01
1.7556629344e+03
4.5933871666e+01
-1.1772397538e+04
3.4754803597e+03
3.3090165363e+04
-6.9656160733e+03
-3.1940919494e+04
9.9421105985e+00
1.1014804325e+02
3.5621605486e+00
-2.3784793211e+03
2.6952646425e+02
1.5979291942e+04
-3.5805811719e+03
-4.4077268937e+04
6.3601543825e+03
4.1773019781e+04
-5.5484949060e+00
-6.8521900137e+01
9.0670439174e+00
1.4656305963e+03
-1.6213472496e+02
-9.9035451306e+03
1.6990428862e+03
2.7162473719e+04
-2.9526984348e+03
-2.5569068746e+04
1.6134209645e+00
2.2089754542e+01
-3.4955798657e+00
-4.7191684724e+02
4.2104812850e+01
3.2054555039e+03
-4.3165473448e+02
-8.7718131464e+03
7.5542148209e+02
8.2303629441e+03
-2.3967214969e-01
-3.6084635213e+00
5.4246819390e-01
7.7162265501e+01
-5.3338233956e+00
-5.2624460001e+02
5.7268688623e+01
1.4385225475e+03
-1.0197406913e+02
-1.3472606153e+03
1.4402819898e-02
2.3629319842e-01
-3.2233016060e-02
-5.0606766271e+00
2.7297096793e-01
3.4618632612e+01
-3.1407922138e+00
-9.4572157329e+01
5.7029771157e+00
8.8471610953e+01
