modis_band33B  factor=100
9.7575577763e+00
4.0228662301e+00
-1.5421688716e+01
-5.9416300426e+00
9.4295949359e+01
-2.5540546044e+01
-4.3872698139e+02
1.3842599517e+02
5.3213639258e+02
-1.5628909868e+02
7.1234263708e-01
5.9750890819e+00
-2.1420591154e+01
-1.1770341746e+02
1.4230174704e+02
6.6358024525e+02
-4.3737425959e+02
-1.2715139435e+03
4.4077940798e+02
7.5942951228e+02
4.2414010332e+00
3.9758702613e+00
-1.2185560954e+02
-9.5306131096e+01
4.0351106869e+02
1.0343750220e+03
-1.2486408278e+02
-3.4225350921e+03
-5.6773579182e+02
3.4448623106e+03
-1.7209376826e+01
-3.7311158897e+01
6.4670476291e+02
6.0650522976e+01
-2.7396914474e+03
5.6080208019e+02
3.3524791322e+03
-4.9016531863e+03
4.4541049629e+01
7.3307259975e+03
2.8048434691e+01
3.2784890555e+01
-1.1510448241e+03
8.8647718009e+02
5.6368285838e+03
-8.2446299303e+03
-9.0324125124e+03
2.8100515392e+04
3.0845600592e+03
-3.0620468965e+04
-2.4349853383e+01
-5.7232954220e+00
1.0227907025e+03
-1.4278740047e+03
-5.4787082969e+03
1.1617815267e+04
1.0022852139e+04
-3.5337703437e+04
-4.8992398051e+03
3.5841291524e+04
1.2028163558e+01
-5.4595887530e+00
-5.0429822077e+02
9.3921759629e+02
2.8628453121e+03
-7.2640486797e+03
-5.6693631870e+03
2.0974636929e+04
3.2375480768e+03
-2.0504346227e+04
-3.3779948003e+00
3.2812979039e+00
1.4012432047e+02
-3.1289382661e+02
-8.2782732489e+02
2.3524786491e+03
1.7286170540e+03
-6.5824109738e+03
-1.0789548495e+03
6.2848290862e+03
5.0138306046e-01
-6.9340806728e-01
-2.0536234903e+01
5.2268932269e+01
1.2485144574e+02
-3.8558629011e+02
-2.7078139472e+02
1.0556092728e+03
1.7907715437e+02
-9.9094776131e+02
-3.0505104591e-02
5.2721028544e-02
1.2346982945e+00
-3.4831541432e+00
-7.6674999166e+00
2.5334850778e+01
1.7106205823e+01
-6.8229319508e+01
-1.1779255639e+01
6.3218304309e+01
