modis_band30B  factor=100
1.2855282781e+01
9.1213488030e+00
-3.9525707543e+00
-1.4671764370e+02
9.7017340449e+01
9.9099916377e+02
-6.0445730185e+02
-2.7449776333e+03
7.7178572406e+02
2.5676788906e+03
-5.7484913439e-01
-1.3791526119e+00
3.5741941411e+01
-1.0210029982e+02
-3.4471987046e+02
8.2077925944e+02
8.2885092909e+02
-1.6842872854e+03
-6.4736570671e+02
1.0081552143e+03
6.4617303081e+00
-2.1848005124e+01
-2.2390488401e+02
7.5943349208e+02
1.5781184031e+03
-5.5441841345e+03
-3.9609981118e+03
1.4441933035e+04
3.0538143050e+03
-1.2643788912e+04
-1.7250102373e+01
1.3518059593e+02
3.1158531358e+02
-3.1872545761e+03
-6.7768103460e+02
2.0484433408e+04
4.1866305604e+02
-5.4172658938e+04
1.7206205175e+03
4.9701282834e+04
2.2124926628e+01
-3.0763151061e+02
-7.1979697082e+01
6.1789138510e+03
-2.5748167381e+03
-3.6708716718e+04
9.2140665226e+03
9.3054419903e+04
-1.1781230802e+04
-8.3678341195e+04
-1.5642610258e+01
3.1110400679e+02
-1.5490406255e+02
-5.8599859309e+03
3.8432709394e+03
3.3307848956e+04
-1.1992936658e+04
-8.1103208259e+04
1.3592077601e+04
7.0999097944e+04
6.5359915871e+00
-1.6490453576e+02
1.4035948975e+02
3.0119759139e+03
-2.3256965076e+03
-1.6622988436e+04
6.8753950040e+03
3.9104318528e+04
-7.4073337008e+03
-3.3354377072e+04
-1.6156940377e+00
4.8047053262e+01
-5.0651275566e+01
-8.6189036663e+02
7.2467778341e+02
4.6524232021e+03
-2.0754269120e+03
-1.0624281028e+04
2.1666528011e+03
8.8464774166e+03
2.1826665429e-01
-7.3040684842e+00
8.6562373214e+00
1.2937308021e+02
-1.1501340239e+02
-6.8601085584e+02
3.2291921747e+02
1.5268299012e+03
-3.2966747665e+02
-1.2436890045e+03
-1.2388107352e-02
4.5331430308e-01
-5.7918209398e-01
-7.9490261162e+00
7.3780912428e+00
4.1533394259e+01
-2.0474161848e+01
-9.0406411807e+01
2.0562049526e+01
7.2191228420e+01
