modis_band32A  factor=100
7.1530163544e-01
1.7268249211e+00
-6.2819968181e+00
4.3469410560e+00
1.1697112138e+01
-5.3552404847e+01
-1.0222190409e+01
1.1262316857e+02
7.6942722001e+00
-6.7195086207e+01
5.1215840411e-01
2.0015844697e+00
-2.4123596061e+01
-3.4108720272e+01
2.2596010262e+02
1.8581790683e+02
-6.9499343127e+02
-4.1210353273e+02
6.7553314190e+02
3.1284444249e+02
1.0664995460e+00
1.0741389109e+01
5.7055896190e+00
-2.0846447448e+02
-2.0441085742e+02
1.1399004656e+03
7.4619576274e+02
-2.4715348013e+03
-7.5162851334e+02
1.8969446169e+03
-7.8860461073e+00
-4.5663432395e+01
2.0353876327e+02
6.4796825104e+02
-1.1912186450e+03
-2.4721612108e+03
2.9755361288e+03
3.0850594841e+03
-2.6731387669e+03
-6.7136171626e+02
1.4945938217e+01
6.4541942579e+01
-4.6862291372e+02
-6.5998645206e+02
3.0792646887e+03
9.9999141334e+02
-8.1265864548e+03
3.5033235660e+03
7.4243034135e+03
-6.9424159353e+03
-1.3769247230e+01
-4.8814088800e+01
4.6526227699e+02
2.8625606350e+02
-3.1438911355e+03
1.1368291422e+03
8.4080253477e+03
-8.3544977672e+03
-7.7136321801e+03
1.0834390215e+04
6.9963133765e+00
2.1390913843e+01
-2.4548227261e+02
-2.7529795671e+01
1.6785386734e+03
-1.3337076358e+03
-4.5230752937e+03
6.1147541634e+03
4.1649458791e+03
-7.1098270533e+03
-1.9975703933e+00
-5.3845916518e+00
7.1524320447e+01
-1.8718451462e+01
-4.9257554470e+02
5.5325371847e+02
1.3356607931e+03
-2.1736079962e+03
-1.2350351131e+03
2.3967141888e+03
3.0007138968e-01
7.1999917610e-01
-1.0860560121e+01
6.1464812833e+00
7.5197553853e+01
-1.0513621710e+02
-2.0509715746e+02
3.8167237358e+02
1.9050141557e+02
-4.0752276149e+02
-1.8445638708e-02
-3.9580008081e-02
6.7110166655e-01
-5.5564103360e-01
-4.6671405454e+00
7.6625998941e+00
1.2799797038e+01
-2.6504277919e+01
-1.1944107414e+01
2.7688777012e+01
