modis_band36B  factor=100
1.4384637020e+01
3.6597914749e-01
-4.0032290538e+01
4.1549266773e+01
9.3011013977e+01
-7.5401926976e+01
-2.4967338738e+02
-5.1305142257e+02
2.8407164553e+02
9.5147147664e+02
1.2001825917e+00
6.0349645417e+00
-8.7436596142e-01
-2.7457220157e+02
-1.1293462868e+02
2.9386735105e+03
3.9843521766e+02
-9.3468434479e+03
-3.9089145000e+02
9.1547570161e+03
9.7984740367e-01
-6.4567409969e+00
-8.0619410468e+01
-3.1200799615e+02
8.7980082214e+02
3.7513008564e+03
-2.5047809876e+03
-1.2885866364e+04
1.8826182341e+03
1.3317630810e+04
-1.6486408345e+01
-5.0548330535e+01
2.9097913063e+02
3.8845391164e+03
-1.5847286996e+03
-3.9582381826e+04
3.0979490029e+03
1.2604973754e+05
-5.7072754183e+02
-1.2457354126e+05
3.1681672010e+01
1.3059162557e+02
-3.7555164782e+02
-7.5375717684e+03
6.2069800473e+02
7.3196908189e+04
1.6753371364e+03
-2.2784120044e+05
-5.7592793811e+03
2.2226402616e+05
-2.8432580051e+01
-1.2962246373e+02
2.4595874038e+02
6.6616759330e+03
7.1731159344e+02
-6.2987515663e+04
-5.6586601350e+03
1.9369008842e+05
9.1042332194e+03
-1.8766140212e+05
1.4024908989e+01
6.6199142216e+01
-8.5540731867e+01
-3.1783602970e+03
-8.6692150928e+02
2.9556710142e+04
4.5146432592e+03
-9.0250657095e+04
-6.1754812481e+03
8.7106787849e+04
-3.8959659405e+00
-1.8476231777e+01
1.4596891090e+01
8.4632151279e+02
3.7280936406e+02
-7.7831369311e+03
-1.7091414345e+03
2.3662926574e+04
2.1707222957e+03
-2.2787125705e+04
5.7150956939e-01
2.6818195619e+00
-8.4652921257e-01
-1.1844440280e+02
-7.3337683467e+01
1.0808537416e+03
3.1639990774e+02
-3.2771574714e+03
-3.8528608171e+02
3.1516510184e+03
-3.4449618132e-02
-1.5859993701e-01
-2.4364371624e-02
6.7909133680e+00
5.5090776252e+00
-6.1632011662e+01
-2.2972970705e+01
1.8656146082e+02
2.7247678912e+01
-1.7928750967e+02
