modis_band20B  factor=100
1.7836494016e+00
1.8990466498e+00
-6.1912741844e+00
-3.6545089987e+01
4.5416808808e+01
1.9648058759e+02
-1.6131101081e+02
-4.2113367041e+02
1.7345548835e+02
3.2372246162e+02
-2.9434095774e-01
1.3734860391e-01
8.5471110970e+00
2.5542925296e+00
-7.4323833374e+01
-9.6560238548e+01
2.2758138394e+02
4.6626341410e+02
-2.2691124732e+02
-5.5783842401e+02
2.4089021822e+00
-2.1532280399e+01
-7.9326851603e+01
4.3883078269e+02
5.1245444454e+02
-2.5342020887e+03
-1.0764528087e+03
5.9020662964e+03
6.9150516807e+02
-4.8913457551e+03
-3.7546050117e+00
9.1202123394e+01
1.6107978981e+02
-1.8462576998e+03
-8.0101163259e+02
1.1170880350e+04
5.5634844803e+02
-2.7971094944e+04
1.0429957111e+03
2.4678539351e+04
1.8030976875e+00
-1.5740535352e+02
-1.4315983959e+02
3.1344599080e+03
3.8280553691e+02
-1.9090453322e+04
1.7863400383e+03
4.8305575436e+04
-4.3763692909e+03
-4.2986307255e+04
5.6397734153e-01
1.3848826455e+02
6.0567319210e+01
-2.7333253359e+03
1.5059616084e+02
1.6688922662e+04
-2.8809360373e+03
-4.2298337638e+04
5.0352228706e+03
3.7676923948e+04
-9.1176107234e-01
-6.8117848692e+01
-9.4634315190e+00
1.3385572442e+03
-2.2797473157e+02
-8.1898000531e+03
1.8242208744e+03
2.0755677753e+04
-2.8339877390e+03
-1.8478023737e+04
3.6810748395e-01
1.8989185208e+01
-1.2391335789e+00
-3.7234935253e+02
9.3292755273e+01
2.2824889077e+03
-5.8595646245e+02
-5.7820745578e+03
8.5597309163e+02
5.1435566874e+03
-6.5626186769e-02
-2.8048674602e+00
5.9452406625e-01
5.4945867529e+01
-1.6974533185e+01
-3.3736119369e+02
9.4743043456e+01
8.5416627890e+02
-1.3323596194e+02
-7.5927782551e+02
4.4568298971e-03
1.7055442366e-01
-5.4732160712e-02
-3.3401671050e+00
1.1785043401e+00
2.0534415898e+01
-6.1325092756e+00
-5.1961032109e+01
8.4048351350e+00
4.6158110014e+01
