modis_band30A  factor=100
3.7170613409e+00
-3.0574632086e+00
-2.5999923649e+01
8.7329512587e+01
5.9514635673e+01
-6.0145448623e+02
-8.4340937868e+01
1.4638527107e+03
5.3082674017e+01
-1.2000459072e+03
1.7845675732e+00
8.1054412434e+00
-2.6622665882e+01
-1.5938253423e+02
2.1234423756e+02
1.5425237723e+03
-7.9781012582e+02
-4.6937046177e+03
8.9531265755e+02
4.4710907539e+03
-2.8397043069e+00
6.3152758842e+00
-1.0658885551e+01
-4.5746010499e+02
3.6023822158e+02
4.9676220391e+03
-9.1871067349e+02
-1.6459750204e+04
5.8413190820e+02
1.6672862017e+04
-9.8265240845e+00
-1.2453748738e+02
4.9110152577e+02
3.4845142177e+03
-5.1509838265e+03
-3.1385326140e+04
1.6116584124e+04
9.6157050949e+04
-1.5247894407e+04
-9.3408376903e+04
2.4333899259e+01
2.7611771947e+02
-9.8071643849e+02
-6.4566716246e+03
9.9946313534e+03
5.4786432504e+04
-3.1837031115e+04
-1.6350734345e+05
3.0688190896e+04
1.5661042422e+05
-2.2181147149e+01
-2.6434702028e+02
8.4003501963e+02
5.5558142431e+03
-8.5513147875e+03
-4.5626005923e+04
2.7522341028e+04
1.3437084958e+05
-2.6711887517e+04
-1.2783120187e+05
1.0570941327e+01
1.3369679399e+02
-3.8120849037e+02
-2.5878145861e+03
3.8931380908e+03
2.0764408480e+04
-1.2640194024e+04
-6.0669241304e+04
1.2318862498e+04
5.7515353477e+04
-2.8118796451e+00
-3.7420118461e+01
9.6002600019e+01
6.7362033295e+02
-9.8337411079e+02
-5.3009138164e+03
3.2188028707e+03
1.5406950744e+04
-3.1462956358e+03
-1.4581647546e+04
3.9699942220e-01
5.4908119238e+00
-1.2726145916e+01
-9.2263787467e+01
1.3047090420e+02
7.1304775868e+02
-4.3023420881e+02
-2.0647759477e+03
4.2140121135e+02
1.9532269154e+03
-2.3253681909e-02
-3.3013278771e-01
6.9531280523e-01
5.1813703961e+00
-7.1117990390e+00
-3.9332960937e+01
2.3601577960e+01
1.1358861374e+02
-2.3140656075e+01
-1.0749571635e+02
