modis_band27A  factor=100
2.5212145358e+00
1.2620532764e+00
-1.0466676459e+01
-2.7452455278e+01
4.7110251493e+01
2.1980739886e+02
-1.4563576586e+02
-7.3272930275e+02
1.5688927308e+02
7.6657389153e+02
5.4274702150e-01
-4.6613107083e+00
1.8093733854e+00
7.7500169834e+01
-1.0257726945e+02
-3.0674132894e+02
4.4810633298e+02
4.7397179877e+02
-5.2627940941e+02
-2.7233070642e+02
1.2006981036e+00
-4.7640022134e+01
-2.8491781168e+01
8.5671395050e+02
1.9591084117e+02
-4.9404172263e+03
-3.7143692136e+02
1.1765173993e+04
9.1038514641e+01
-9.9789550813e+03
-1.1180682297e+01
1.9460811293e+02
1.1899689955e+02
-3.3894618699e+03
1.5401852077e+02
1.7953071527e+04
-2.7109169381e+03
-3.9894324626e+04
4.3741173539e+03
3.2378970596e+04
2.0905586494e+01
-3.0284328843e+02
-1.9357954221e+02
5.3104464931e+03
-7.7183388096e+02
-2.7765724966e+04
6.6844523490e+03
6.1313771678e+04
-9.5261990781e+03
-4.9643317449e+04
-1.8677191389e+01
2.4812534823e+02
1.7137001803e+02
-4.4044760183e+03
7.8608194287e+02
2.3108597376e+04
-6.3285660295e+03
-5.1302059902e+04
8.7511732353e+03
4.1688060100e+04
9.2694375073e+00
-1.1606846066e+02
-8.6976268117e+01
2.0800193068e+03
-3.8844159088e+02
-1.0967733307e+04
3.1455157607e+03
2.4454540187e+04
-4.3084764268e+03
-1.9903966596e+04
-2.6119929530e+00
3.1120661850e+01
2.5005610379e+01
-5.6101392820e+02
1.0590035460e+02
2.9668817073e+03
-8.7497500089e+02
-6.6238164586e+03
1.1939621596e+03
5.3853041241e+03
3.9076571476e-01
-4.4521091173e+00
-3.7787237939e+00
8.0515970966e+01
-1.5380923576e+01
-4.2605765051e+02
1.2915660794e+02
9.4990092985e+02
-1.7578931988e+02
-7.6977290901e+02
-2.4090355872e-02
2.6356716132e-01
2.3315809657e-01
-4.7736379886e+00
9.3105064331e-01
2.5229293409e+01
-7.8819915802e+00
-5.6060787953e+01
1.0699190541e+01
4.5211242478e+01
