modis_band33A  factor=100
4.5924382714e+00
-1.8353784277e+00
-3.6457751524e+00
2.0973557402e+01
1.9158637380e+01
-1.2617756586e+01
-1.2057215725e+02
-2.5021170631e+02
1.5814954568e+02
3.9756898313e+02
1.7510716867e-02
1.1984406366e+00
9.8259673941e+00
-5.5216064115e+01
-1.0860810518e+02
6.8657046167e+02
2.7978586515e+02
-2.2845394575e+03
-2.1748184066e+02
2.2869988937e+03
-1.9205462727e+00
-1.1266304889e+01
-2.5706159752e+01
1.7192828438e+02
4.8969936565e+02
-8.5081676627e+02
-1.6907858549e+03
1.5090559088e+03
1.6007523454e+03
-8.8851059724e+02
3.0461626709e+00
-1.0527487096e+00
4.3462667645e+01
4.4452288939e+02
-9.7222131207e+02
-6.0184898353e+03
4.0827731514e+03
2.1676338000e+04
-4.3130287476e+03
-2.2868819978e+04
-3.0940049247e+00
4.6936893439e+01
4.8551444958e+01
-1.6985690773e+03
2.7455621167e+02
1.6600896617e+04
-2.8465953510e+03
-5.3512068989e+04
3.6155809992e+03
5.3791893143e+04
2.6358101451e+00
-6.2808065810e+01
-1.4373120993e+02
1.9407954779e+03
7.7930728254e+02
-1.7385221284e+04
-5.8676114252e+02
5.3973532968e+04
-2.6609399225e+02
-5.3323656023e+04
-1.5235436616e+00
3.7392406387e+01
1.1319198283e+02
-1.0936137742e+03
-8.0053614020e+02
9.3924146624e+03
1.5683080349e+03
-2.8608307348e+04
-1.0981808361e+03
2.8019919582e+04
5.0439527824e-01
-1.1673067216e+01
-4.1268499909e+01
3.3198717463e+02
3.1889863921e+02
-2.7792654350e+03
-7.3625954455e+02
8.3672094382e+03
5.9791402345e+02
-8.1533129721e+03
-8.5506635889e-02
1.8620406896e+00
7.2416492334e+00
-5.2009954543e+01
-5.8631141086e+01
4.2782024468e+02
1.4558954702e+02
-1.2777664990e+03
-1.2482138440e+02
1.2409249055e+03
5.7561631933e-03
-1.1978836596e-01
-4.9496833885e-01
3.3008352475e+00
4.1325460106e+00
-2.6800506296e+01
-1.0714509463e+01
7.9578543410e+01
9.4648405707e+00
-7.7101247660e+01
