modis_band34B  factor=100
1.5629318888e+01
1.4319482158e+00
-8.6246985714e+00
1.3173007329e+01
8.4913124878e+01
2.2749614232e+01
-5.4225168965e+02
-2.9643890199e+02
7.0433154807e+02
4.0162856649e+02
2.1202520881e-01
5.9355952673e+00
-6.1098918096e+00
-1.1431388020e+02
-2.7824934066e+01
8.2149994416e+02
7.6546553785e+01
-2.0316834994e+03
-2.3734083521e+01
1.6381297697e+03
2.3509759238e+00
-1.2287861390e+01
-1.7952031962e+02
2.4332124393e+02
1.1250069652e+03
-1.3661026478e+03
-2.4986776105e+03
2.9751790263e+03
1.7128521567e+03
-2.3130784873e+03
-8.7587500117e+00
-1.1774770605e+01
7.3468645341e+02
-7.1634003323e+02
-3.9571235883e+03
5.6633000871e+03
7.7515278238e+03
-1.6889023617e+04
-4.5421221621e+03
1.6935844681e+04
1.3728496689e+01
3.4171760163e+01
-1.1032059203e+03
1.3759783586e+03
5.8252298079e+03
-1.1454161089e+04
-1.0927640113e+04
3.3945843393e+04
5.7855700914e+03
-3.3603268931e+04
-1.1376302243e+01
-3.0061752733e+01
8.3613958508e+02
-1.3346883189e+03
-4.3574665434e+03
1.0961450897e+04
7.9213377373e+03
-3.1319170051e+04
-3.7893021342e+03
3.0130788907e+04
5.3246077657e+00
1.4224191682e+01
-3.5550307105e+02
6.9238256662e+02
1.8155380075e+03
-5.5693573565e+03
-3.1849754845e+03
1.5353081657e+04
1.3362196120e+03
-1.4367686857e+04
-1.4120486373e+00
-3.8697679009e+00
8.6314523850e+01
-1.9719731167e+02
-4.2930915506e+02
1.5529816261e+03
7.2192406436e+02
-4.1382169501e+03
-2.5215771903e+02
3.7703568885e+03
1.9774731522e-01
5.6697476728e-01
-1.1212704170e+01
2.9199842562e+01
5.4108925438e+01
-2.2509364667e+02
-8.6637538789e+01
5.8003244428e+02
2.3040643731e+01
-5.1425935800e+02
-1.1356691787e-02
-3.4543103516e-02
6.0615870870e-01
-1.7624364335e+00
-2.8329547845e+00
1.3292175881e+01
4.2924372875e+00
-3.3104461784e+01
-7.2194085260e-01
2.8514972408e+01
