modis_band31A  factor=100
9.9669043622e-01
1.7074616266e+00
-4.9827967794e+00
-4.0697443092e+00
9.3543037854e+00
-2.2444462057e+00
-1.5439983117e+01
3.3354826342e+00
1.7598136651e+01
1.2100599515e+01
4.7440808788e-01
1.7060851079e+00
-1.8407627487e+01
-2.9487922118e+01
1.5437303311e+02
1.6058609490e+02
-4.4803639410e+02
-3.3814945396e+02
4.1854944918e+02
2.3929561106e+02
9.8033691306e-01
1.4269503529e+01
-4.5213708401e+00
-2.6468513898e+02
-7.9525922820e+01
1.5404660446e+03
3.7375643235e+02
-3.6253889106e+03
-4.2406739668e+02
3.0078732892e+03
-6.8814577928e+00
-5.6846254543e+01
1.8781503415e+02
8.9586615430e+02
-1.0831814854e+03
-4.5193127427e+03
2.4647896214e+03
9.1449612320e+03
-1.9340949080e+03
-6.5125249390e+03
1.2934219838e+01
7.9019253903e+01
-4.1741617010e+02
-1.0520628093e+03
2.6750404641e+03
4.4111240348e+03
-6.5851571226e+03
-6.7639401072e+03
5.5143543508e+03
3.0208882596e+03
-1.1967297543e+01
-5.8256915829e+01
4.1392433591e+02
6.0132945804e+02
-2.7505120440e+03
-1.6775707222e+03
6.9636180473e+03
1.9751541120e+02
-5.9694037781e+03
2.4983299103e+03
6.1328205625e+00
2.4779529806e+01
-2.1937919669e+02
-1.7146167471e+02
1.4856321796e+03
-2.7956610316e+01
-3.8253386360e+03
2.1248724893e+03
3.3286981662e+03
-3.2103475291e+03
-1.7675576684e+00
-6.0620112945e+00
6.4252045260e+01
1.9292453906e+01
-4.4036243706e+02
2.0500157944e+02
1.1478339165e+03
-1.1060316882e+03
-1.0102376517e+03
1.3518842410e+03
2.6791194850e-01
7.9052524279e-01
-9.8031392075e+00
7.2284317204e-01
6.7757712536e+01
-5.5133179669e+01
-1.7832296271e+02
2.2813454092e+02
1.5840710327e+02
-2.5719235435e+02
-1.6603207717e-02
-4.2554461036e-02
6.0831604639e-01
-2.3139179251e-01
-4.2312158004e+00
4.6625931709e+00
1.1224115656e+01
-1.7288552166e+01
-1.0048909451e+01
1.8668426811e+01
