modis_band28A  factor=100
3.9208156670e+00
-9.6286515902e-01
-3.9487192712e+00
2.1516343438e+00
1.2066520082e+01
6.5308601106e+01
-4.7668536369e+01
-3.6747016668e+02
6.1071099727e+01
4.5376002896e+02
-6.1359241958e-01
-2.6761997052e+00
1.6666265854e+01
7.0172898950e+01
-1.5127259143e+02
-3.7022152024e+02
4.5284664079e+02
7.9828197279e+02
-4.3167031553e+02
-6.2446366842e+02
-4.1534757489e+00
-1.5440669007e+01
7.3434266678e+01
4.2410322623e+02
-2.3709267354e+02
-3.1633069829e+03
2.9004160796e+02
8.7711243457e+03
-2.5605154230e+02
-8.1109347575e+03
2.0170413023e+01
4.9679454471e+01
-4.8334991409e+02
-1.2323271363e+03
2.9550422778e+03
7.9618864028e+03
-7.2366879427e+03
-2.0308267992e+04
6.6462681958e+03
1.7877737753e+04
-3.5033421808e+01
-4.5518596862e+01
9.9361458633e+02
1.0469010481e+03
-7.0807220639e+03
-5.5674514199e+03
1.8951141826e+04
1.2331887098e+04
-1.7726462808e+04
-9.8005630676e+03
3.0728450308e+01
1.6510371004e+01
-9.7892760402e+02
-2.7041826602e+02
7.5265897058e+03
5.9055342409e+01
-2.1002411843e+04
2.5237860021e+03
1.9907365120e+04
-3.7662872586e+03
-1.4975498282e+01
-3.1751116098e-01
5.1985459051e+02
-9.5203618066e+01
-4.1857383814e+03
1.6765493644e+03
1.1978551478e+04
-5.9835159387e+03
-1.1466332101e+04
6.2707170204e+03
4.1099760029e+00
-1.4915490314e+00
-1.5254420487e+02
7.5067022235e+01
1.2676079512e+03
-8.3254076319e+02
-3.6912454679e+03
2.6890737959e+03
3.5605840668e+03
-2.7037319097e+03
-5.9449043069e-01
4.0121235218e-01
2.3300017320e+01
-1.6849885404e+01
-1.9818739981e+02
1.6658252709e+02
5.8467601802e+02
-5.1959383057e+02
-5.6749853687e+02
5.1423054771e+02
3.5260229086e-02
-3.3331025958e-02
-1.4470066695e+00
1.3170076005e+00
1.2534588655e+01
-1.2352968303e+01
-3.7360854449e+01
3.7850506572e+01
3.6452948012e+01
-3.7148029059e+01
