modis_band32B  factor=100
3.1761793376e+00
4.3123309812e+00
-3.2524859682e+00
-9.0470027400e+01
3.3407662965e+01
4.7803106886e+02
-1.5207261823e+02
-1.0211795341e+03
1.7802978843e+02
7.8372317710e+02
-1.1891424758e-01
3.4322879461e-01
1.1370023770e+01
2.8336363009e+00
-1.5779528029e+02
-2.3305514619e+02
5.8965844462e+02
1.1766784190e+03
-6.5022838549e+02
-1.4250939432e+03
4.5573288954e+00
2.0021378960e+01
-1.6601380414e+02
-3.1461808252e+02
1.2350844159e+03
2.1738983286e+03
-2.9903327075e+03
-6.0446868441e+03
2.2895532997e+03
5.6835890573e+03
-7.2224974782e+00
-2.1330113586e+01
3.6999204307e+02
2.4821282183e+02
-2.5046821901e+03
-1.6388843340e+03
4.4553129265e+03
2.9075787944e+03
-1.4624145958e+03
-1.3092523032e+03
4.2592807935e+00
-4.9292183909e+01
-4.5295436200e+02
1.1595305108e+03
3.1452570897e+03
-7.5580115087e+03
-4.8781291894e+03
2.2639040914e+04
1.9897481535e+02
-2.3189017371e+04
-8.8929059691e-01
9.3226459081e+01
3.4820226843e+02
-1.9986697825e+03
-2.5976805241e+03
1.3262029547e+04
4.3228217866e+03
-3.7500594940e+04
-5.8179530991e+02
3.6450328241e+04
-7.9724924015e-02
-6.3178887157e+01
-1.6563551718e+02
1.3375670195e+03
1.3182397535e+03
-8.9875976112e+03
-2.4580982470e+03
2.5055423351e+04
7.7016514470e+02
-2.3977869424e+04
5.5235724267e-02
2.1253209847e+01
4.6397499437e+01
-4.4911851181e+02
-3.8657343369e+02
3.0437403698e+03
7.8936641093e+02
-8.4362042266e+03
-3.5403248343e+02
8.0159550768e+03
-5.6331513133e-03
-3.5604322626e+00
-6.9545520912e+00
7.5257862380e+01
5.9753813082e+01
-5.1290391136e+02
-1.3017591993e+02
1.4170999575e+03
7.0226020577e+01
-1.3410797223e+03
3.2637929053e-06
2.3695382868e-01
4.2869466241e-01
-5.0115933043e+00
-3.7615015091e+00
3.4277303040e+01
8.5817342695e+00
-9.4501327239e+01
-5.1593921188e+00
8.9198649879e+01
