modis_band29A  factor=100
2.3098655065e+00
1.7674618642e+00
-7.1063393381e+00
2.4661872314e+00
2.6410282754e+01
-3.1755121374e+01
-9.5243405539e+01
5.3661991641e+01
1.1215129463e+02
-1.7833433143e+01
4.6160309205e-01
2.9237253579e+00
-1.9857661706e+01
-6.0772679340e+01
1.7132210718e+02
3.8830054364e+02
-5.2135345304e+02
-9.3988746899e+02
5.0675261593e+02
7.6674729331e+02
1.4104905683e+00
1.7856140776e+01
-2.7351099532e+01
-3.5580293015e+02
3.5322619172e+01
2.2195607394e+03
1.4407568437e+02
-5.5614943917e+03
-2.5527471788e+02
4.8412269655e+03
-7.8733515039e+00
-7.2444136706e+01
2.8068069491e+02
1.2081757528e+03
-1.6058842054e+03
-6.6368462894e+03
3.6491036524e+03
1.4738145591e+04
-2.8802937713e+03
-1.1498967221e+04
1.4126944712e+01
9.8024282334e+01
-5.6014480038e+02
-1.3934624926e+03
3.5687549303e+03
6.6119854419e+03
-8.7495288117e+03
-1.2439376082e+04
7.2845200070e+03
7.9610026769e+03
-1.2779742756e+01
-7.0120533988e+01
5.2586973744e+02
7.9188077739e+02
-3.5165719718e+03
-2.8554923648e+03
8.9259443662e+03
3.2366740610e+03
-7.6170513956e+03
-1.2435641509e+02
6.4406789020e+00
2.9092718359e+01
-2.6855549374e+02
-2.3130768510e+02
1.8481794913e+03
3.2649050372e+02
-4.7991667165e+03
1.1835213784e+03
4.1670068918e+03
-2.3913671788e+03
-1.8288607124e+00
-6.9864844614e+00
7.6500414653e+01
2.9725871319e+01
-5.3672590121e+02
1.4645880911e+02
1.4172959100e+03
-9.3847434345e+02
-1.2472755182e+03
1.2013256222e+03
2.7334449885e-01
8.9894809299e-01
-1.1420041149e+01
-1.6629236117e-01
8.1245112517e+01
-5.0602477575e+01
-2.1735144525e+02
2.1271577195e+02
1.9336474388e+02
-2.4231763641e+02
-1.6714735312e-02
-4.7918667158e-02
6.9623603168e-01
-2.0736700047e-01
-5.0051419068e+00
4.5754866309e+00
1.3530168800e+01
-1.6767249655e+01
-1.2145118958e+01
1.8082989523e+01
