modis_band36A  factor=100
-4.7754186765e+00
-2.0622261598e-01
-1.1498590670e+00
-1.3156834496e+01
2.2872088259e+01
-4.2458874192e+01
9.5320039035e+00
3.6327154184e+02
-6.7517731478e+01
-4.6688626068e+02
1.0392183636e+00
-1.2405238044e+00
-2.8357965385e+00
2.1315414719e+01
8.1059390417e+01
-2.5279514663e+02
-5.1650386481e+02
1.0770866655e+03
6.6955330653e+02
-1.2482644444e+03
-1.0473342551e+00
-1.1962221516e+00
1.4811270464e+01
8.9590173357e+01
1.8186518605e+02
-3.1512818877e+02
-9.6916875520e+02
1.0632453681e+02
1.2056549384e+03
3.8033365372e+02
-9.4270151316e+00
9.9198507067e+00
1.1049902155e+02
-2.9548458429e+02
-2.8730817750e+03
1.3064088937e+03
1.3423142489e+04
-2.6556568799e+03
-1.5909028086e+04
1.9538728947e+03
2.0764749539e+01
-1.4606824478e+01
-2.8256674974e+02
4.3828891872e+02
6.0863461960e+03
-1.3895370842e+03
-2.7813231220e+04
1.7756198152e+03
3.2630253970e+04
-6.2049899851e+02
-1.8596082524e+01
1.0972473441e+01
2.7380895076e+02
-3.7479862132e+02
-5.7166582981e+03
8.2966363118e+02
2.5941509782e+04
2.6618649528e+02
-3.0312443801e+04
-1.5767398237e+03
8.9274296210e+00
-4.8794446087e+00
-1.3861006071e+02
1.9053072305e+02
2.8813630892e+03
-3.4321206236e+02
-1.3048253845e+04
-6.5007088665e+02
1.5220814694e+04
1.4707046445e+03
-2.4209289818e+00
1.2959922934e+00
3.9060104567e+01
-5.6528779073e+01
-8.1026657403e+02
1.0140328954e+02
3.6676674985e+03
2.4324800144e+02
-4.2752025412e+03
-5.1961250445e+02
3.5027678827e-01
-1.8955898391e-01
-5.8171062820e+00
9.0036021871e+00
1.1992399132e+02
-1.8290187296e+01
-5.4275871363e+02
-3.5627830716e+01
6.3244828621e+02
8.2761619439e+01
-2.1042365110e-02
1.1708112482e-02
3.5743117708e-01
-5.9275379262e-01
-7.2856047324e+00
1.4197055162e+00
3.2960865921e+01
1.7082725802e+00
-3.8399101894e+01
-4.9067773483e+00
