modis_band27B  factor=100
8.4596391595e+00
-3.6758901648e+00
-4.7418400513e+00
6.7762851641e+01
4.7872147544e+01
-3.2841204874e+02
-2.3508750342e+02
6.4959351863e+02
2.8449134580e+02
-4.6614080631e+02
-1.8461723585e+00
3.8889107843e+00
1.6491150614e+01
-3.1395043497e+01
-1.0643649463e+02
1.0104983367e+02
2.6350957944e+02
-4.3933692053e+01
-1.9336731955e+02
-1.0885254137e+02
-9.6967388735e+00
1.6961566532e+01
1.1031096661e+02
-1.3557351366e+02
-3.9138276665e+02
-2.0678554540e+02
6.0659311021e+02
2.2649355257e+03
-4.9694582248e+02
-2.9234876772e+03
5.4475882261e+01
-1.3374932158e+02
-7.2148314722e+02
1.7587419046e+03
3.9442078030e+03
-6.9364834644e+03
-9.3450351681e+03
1.0116275762e+04
8.2128887634e+03
-4.6786199052e+03
-9.6113914330e+01
2.8828857907e+02
1.5947042323e+03
-4.5922851882e+03
-1.0292455626e+04
2.3684441461e+04
2.7000406735e+04
-5.0499926090e+04
-2.4782968891e+04
3.9067667293e+04
8.4169429706e+01
-2.8480359900e+02
-1.6706897025e+03
5.0216893700e+03
1.1763126979e+04
-2.8507852682e+04
-3.2294415358e+04
6.6545899782e+04
3.0285496472e+04
-5.5388027507e+04
-4.0966411717e+01
1.5049501717e+02
9.2834730817e+02
-2.8307052487e+03
-6.8817092478e+03
1.6895992911e+04
1.9373292426e+04
-4.1081588926e+04
-1.8393879941e+04
3.5208214290e+04
1.1266751575e+01
-4.4079092457e+01
-2.8159222145e+02
8.6782468989e+02
2.1582101942e+03
-5.3445555051e+03
-6.1729093585e+03
1.3301554668e+04
5.9085813383e+03
-1.1580938157e+04
-1.6386523195e+00
6.7553196722e+00
4.4090555067e+01
-1.3766010843e+02
-3.4584859187e+02
8.6636559133e+02
1.0001547476e+03
-2.1892110435e+03
-9.6298459388e+02
1.9249326412e+03
9.7993252157e-02
-4.2292394590e-01
-2.7909813827e+00
8.8562223844e+00
2.2268319550e+01
-5.6639308482e+01
-6.4927573613e+01
1.4466410631e+02
6.2802956304e+01
-1.2806345952e+02
