modis_band28B  factor=100
7.5801351073e+00
-1.8940335217e+00
-6.7187667565e+00
7.7187159451e+01
7.6969431171e+01
-4.6382635136e+02
-4.1852136397e+02
1.1889280503e+03
5.1103218869e+02
-1.0702588219e+03
-1.4094582576e-01
1.2728834094e+01
-3.5977904147e+00
-3.0831361437e+02
1.9177768868e+01
2.1710960024e+03
-1.6033850930e+02
-5.6828442063e+03
2.6904665664e+02
5.0039070245e+03
9.7576484291e-01
3.4157658689e+01
-1.2206109162e+02
-8.7336894794e+02
5.2224493292e+02
6.1789244224e+03
-6.6261909833e+02
-1.6844605509e+04
1.9659789564e+02
1.5495792779e+04
-3.0151966007e+00
-2.4450104641e+02
5.4873751725e+02
5.2377823908e+03
-2.5373696425e+03
-3.4554731100e+04
4.0917008303e+03
8.8916490694e+04
-2.2826754095e+03
-7.8401289520e+04
5.9163839869e+00
4.3948270998e+02
-8.9636338455e+02
-9.1159236085e+03
4.6699838648e+03
5.9091355529e+04
-8.7522842800e+03
-1.5099008821e+05
5.7052293331e+03
1.3261692664e+05
-5.6279204348e+00
-3.8562034620e+02
7.2162899545e+02
7.9045173486e+03
-4.0942566509e+03
-5.0869577598e+04
8.3849696256e+03
1.3001343679e+05
-5.8860844955e+03
-1.1432579157e+05
2.7026557628e+00
1.8823879553e+02
-3.1920083683e+02
-3.8323293167e+03
1.9310233901e+03
2.4568494669e+04
-4.2040625329e+03
-6.2891045311e+04
3.0950101542e+03
5.5401388094e+04
-6.7307028802e-01
-5.2081012320e+01
7.9245957943e+01
1.0545053031e+03
-5.0566043983e+02
-6.7438311236e+03
1.1547138062e+03
1.7292708253e+04
-8.8122408534e+02
-1.5258827033e+04
8.1711834340e-02
7.6399995360e+00
-1.0372693494e+01
-1.5386483685e+02
6.9423340591e+01
9.8222309395e+02
-1.6502755247e+02
-2.5226265111e+03
1.2970209541e+02
2.2291357649e+03
-3.7023650140e-03
-4.6165879385e-01
5.5785023067e-01
9.2449079431e+00
-3.9044956046e+00
-5.8923248482e+01
9.6134574870e+00
1.5153482769e+02
-7.7465799330e+00
-1.3406448722e+02
