modis_band29B  factor=100
3.0681137130e+00
3.5660516629e+00
-6.5445215372e+00
-6.3286763939e+01
4.8572353773e+01
3.3437356499e+02
-1.8937915574e+02
-7.2110605428e+02
2.1236565831e+02
5.6026325952e+02
-2.1972965343e-01
7.3839450114e-01
7.6711347847e+00
-9.2156384246e+00
-8.3535728860e+01
-9.0157720081e+01
2.7768657122e+02
6.5123289189e+02
-2.8973609252e+02
-8.6184581400e+02
3.0560413183e+00
2.2519949987e+00
-1.0816020632e+02
1.4423334088e+01
7.2223391430e+02
8.0053363777e+01
-1.5645290870e+03
-6.6226225772e+02
1.0323110897e+03
8.7567293820e+02
-3.3916359697e+00
2.2607617033e+01
2.1526461393e+02
-6.6757962777e+02
-1.1427253691e+03
4.3866202761e+03
1.0231325387e+03
-1.2464857317e+04
1.1723864788e+03
1.2196558100e+04
-5.2734172072e-01
-8.5414324778e+01
-2.1451911377e+02
2.0165826132e+03
9.2432072110e+02
-1.3343437990e+04
8.9744694138e+02
3.7129209045e+04
-4.3831180660e+03
-3.5566181388e+04
2.8590630709e+00
1.0176025149e+02
1.3046078071e+02
-2.2998165623e+03
-4.8546187419e+02
1.5277286246e+04
-1.4358226744e+03
-4.1970406698e+04
4.2695143544e+03
3.9710795778e+04
-1.9305703362e+00
-5.9209995110e+01
-5.0610822470e+01
1.3212397127e+03
1.7846968471e+02
-8.8182049539e+03
7.5576218928e+02
2.4064227080e+04
-2.0523400986e+03
-2.2610317187e+04
5.9935240538e-01
1.8428401106e+01
1.2109466659e+01
-4.0944092070e+02
-4.3282273188e+01
2.7436021966e+03
-2.0034979992e+02
-7.4571300731e+03
5.3865252598e+02
6.9760345069e+03
-9.1417976575e-02
-2.9457309083e+00
-1.6086136752e+00
6.5346554274e+01
5.9540833210e+00
-4.3916768922e+02
2.7298230215e+01
1.1903669620e+03
-7.4353810170e+01
-1.1102458146e+03
5.5526668946e-03
1.9009644918e-01
8.9902120385e-02
-4.2152781803e+00
-3.4196710205e-01
2.8386430167e+01
-1.5383815211e+00
-7.6777906634e+01
4.2491710221e+00
7.1453003271e+01
