goes13_band04B  factor=100
5.6340795037e+00
9.1335744104e+00
-4.9503480412e+01
-1.3317178200e+02
2.6989775750e+02
6.6546300547e+02
-7.0378242904e+02
-1.4228392457e+03
6.5202673663e+02
1.1131604932e+03
-1.0224880631e+00
4.2375257278e+00
1.7977512061e+01
-3.9456992223e+01
-1.3583989244e+02
5.4064236608e+01
4.0851967172e+02
3.0588536825e+02
-4.1101971891e+02
-5.6145911781e+02
5.6255867338e+00
3.1431901238e+01
-1.4886383984e+02
-5.2137158713e+02
8.9341142818e+02
3.2798556763e+03
-1.6896197762e+03
-8.4209905886e+03
8.6513374970e+02
7.4790476043e+03
-1.0507169453e+00
-4.1174398313e+01
2.8752574543e+02
7.7921194348e+01
-1.5125744471e+03
1.1480860950e+03
7.7011500874e+02
-6.5925925340e+03
2.6325183730e+03
8.5456797267e+03
-8.7429671892e+00
-6.7368961000e+01
-4.2645848578e+02
2.8205633203e+03
2.3564981492e+03
-2.1713114097e+04
-8.5333992165e+02
6.3470266770e+04
-4.9376235285e+03
-6.2039666230e+04
9.8328214020e+00
1.3358108020e+02
4.2577789968e+02
-4.2174892886e+03
-2.5524930121e+03
3.1004184940e+04
2.2179602689e+03
-8.7318802210e+04
2.8878298371e+03
8.3043462449e+04
-4.7453095275e+00
-8.9421225814e+01
-2.4196440071e+02
2.6769592980e+03
1.5155325268e+03
-1.9483776189e+04
-1.8583888827e+03
5.4221272675e+04
-6.6079969913e+02
-5.1050637115e+04
1.1893195308e+00
2.9599285766e+01
7.5006360189e+01
-8.7130998836e+02
-4.7881490938e+02
6.3233056439e+03
6.8407820497e+02
-1.7499589754e+04
1.7601308761e+01
1.6392466871e+04
-1.5154311309e-01
-4.8885146719e+00
-1.1864115530e+01
1.4294073119e+02
7.6174108024e+01
-1.0364040027e+03
-1.1730347577e+02
2.8592637410e+03
1.4164427110e+01
-2.6702751415e+03
7.7545839888e-03
3.2150164396e-01
7.5076232834e-01
-9.3743487575e+00
-4.8115948319e+00
6.7956447452e+01
7.6856835021e+00
-1.8711548306e+02
-1.4623107410e+00
1.7440728751e+02
