goes13_band03A  factor=100
1.2080830454e+00
2.8854566224e-01
7.9194596105e+00
-2.4993262270e+01
-5.0305472723e+01
1.1176485190e+02
1.8691796221e+02
-1.9133215630e+02
-2.0197354329e+02
1.1428945290e+02
2.5374669574e-01
-7.0950601465e+00
6.9434675960e+00
1.8377668156e+02
-8.9984679996e+01
-1.3961792341e+03
3.2545387590e+02
3.9031014173e+03
-3.6712807235e+02
-3.6138790870e+03
-1.1328174897e+00
-4.7592315224e+01
7.8905669741e+01
9.5757591267e+02
-6.8662956456e+02
-6.0181470613e+03
2.1174034629e+03
1.5491087876e+04
-2.1388596680e+03
-1.3860964929e+04
1.1384817670e-01
2.0102039646e+02
-2.8872992259e+02
-4.2910637434e+03
2.5850870934e+03
2.8028079945e+04
-7.8033771500e+03
-7.3228576898e+04
7.7948457465e+03
6.5801513474e+04
2.0345009903e+00
-3.0509056981e+02
4.2260980410e+02
6.6704940625e+03
-3.8084885537e+03
-4.3762705592e+04
1.1277821667e+04
1.1446637765e+05
-1.1066466211e+04
-1.0276843638e+05
-2.6660021875e+00
2.4242364675e+02
-3.2006986289e+02
-5.3462929526e+03
2.9027604722e+03
3.4988541350e+04
-8.5081293670e+03
-9.1299847847e+04
8.2546527304e+03
8.1744251918e+04
1.6427101373e+00
-1.1005127424e+02
1.3526327882e+02
2.4254197581e+03
-1.2376455484e+03
-1.5778607134e+04
3.6089527060e+03
4.0989152880e+04
-3.4802894621e+03
-3.6551048727e+04
-5.4817382843e-01
2.8675453919e+01
-3.2024976627e+01
-6.2806469691e+02
2.9648478904e+02
4.0522998823e+03
-8.6168904391e+02
-1.0464597284e+04
8.2839200535e+02
9.2851254901e+03
9.4451712979e-02
-3.9919105233e+00
3.9476751976e+00
8.6580476095e+01
-3.7085635295e+01
-5.5307357409e+02
1.0737510779e+02
1.4181478516e+03
-1.0302205068e+02
-1.2510666368e+03
-6.5570784739e-03
2.3023787963e-01
-1.9564599033e-01
-4.9321321380e+00
1.8711259838e+00
3.1148041270e+01
-5.3834616040e+00
-7.9219994886e+01
5.1535378108e+00
6.9432487317e+01
