goes13_band03B  factor=100
6.9767361170e+00
-2.6545700750e+00
-2.8774496802e+00
3.7280038150e+01
1.9140967761e+01
-1.5411533353e+02
-9.6129367659e+01
3.2951843307e+02
1.1217040833e+02
-2.8020764785e+02
-9.2538773886e-01
-1.1295935107e+00
3.2815453087e+01
1.1683983513e+01
-3.2779429964e+02
1.4215901635e+02
9.8221396736e+02
-7.0150300584e+02
-9.1319192130e+02
7.9170625401e+02
-5.8925247950e+00
-5.9503460600e+00
1.2698267842e+02
2.8792771401e+02
-5.9255091432e+02
-2.6184985475e+03
9.1819572192e+02
7.7708474174e+03
-4.6163992267e+02
-7.3665036619e+03
2.9623415663e+01
3.4195478233e+00
-8.1659122402e+02
-3.6414342418e+02
6.0295727351e+03
2.3484189800e+03
-1.5805061697e+04
-5.4549946281e+03
1.3893089101e+04
4.2106368340e+03
-5.0079927152e+01
4.1612113930e+01
1.5324362907e+03
-8.3605762344e+02
-1.2199359983e+04
8.2348460685e+03
3.3949158510e+04
-2.7597560423e+04
-3.1175687572e+04
2.8741219242e+04
4.2833868393e+01
-6.6619772326e+01
-1.4210805334e+03
1.6797891872e+03
1.1730404732e+04
-1.4921065166e+04
-3.3645285285e+04
4.7157034828e+04
3.1612919802e+04
-4.7451650234e+04
-2.0558413076e+01
4.3487140939e+01
7.2856873057e+02
-1.1741277558e+03
-6.1602115184e+03
1.0131453603e+04
1.8025869185e+04
-3.1449005123e+04
-1.7192862716e+04
3.1300572430e+04
5.6061068856e+00
-1.4403551286e+01
-2.0970649492e+02
4.0288379113e+02
1.8056852814e+03
-3.4257023936e+03
-5.3614950891e+03
1.0531249209e+04
5.1683097532e+03
-1.0419065340e+04
-8.1109951582e-01
2.3946805977e+00
3.1725792187e+01
-6.8473981441e+01
-2.7724702454e+02
5.7684616227e+02
8.3253612863e+02
-1.7618915227e+03
-8.0891556491e+02
1.7360927061e+03
4.8350071098e-02
-1.5883695828e-01
-1.9632534675e+00
4.6112507435e+00
1.7373078956e+01
-3.8591022631e+01
-5.2642672549e+01
1.1729971692e+02
5.1464513870e+01
-1.1522871392e+02
